# k_point	stock|10000
1000.000000 nan
1500.000000 nan
2000.000000 nan
2500.000000 nan
3000.000000 nan
3500.000000 nan
4000.000000 nan
4500.000000 nan
5000.000000 nan
5500.000000 nan
6000.000000 nan
6500.000000 nan
7000.000000 nan
7500.000000 nan
8000.000000 nan
8500.000000 nan
9000.000000 nan
9500.000000 nan
10000.000000 nan
10500.000000 nan
11000.000000 nan
11500.000000 nan
12000.000000 nan
12500.000000 nan
13000.000000 nan
13500.000000 nan
14000.000000 nan
14500.000000 nan
15000.000000 nan
15500.000000 nan
16000.000000 nan
16500.000000 nan
17000.000000 nan
17500.000000 nan
18000.000000 nan
18500.000000 nan
19000.000000 nan
19500.000000 nan
20000.000000 nan
20500.000000 nan
21000.000000 nan
21500.000000 nan
22000.000000 nan
22500.000000 nan
23000.000000 nan
23500.000000 nan
24000.000000 nan
24500.000000 nan
25000.000000 nan
25500.000000 nan
26000.000000 nan
26500.000000 nan
27000.000000 nan
27500.000000 nan
28000.000000 nan
28500.000000 nan
29000.000000 nan
29500.000000 nan
30000.000000 nan
