# E[eV] | DOS[1/(eV maille)]
0.002857 0.000290
0.008571 0.000871
0.014286 0.001440
0.020000 0.002021
0.025714 0.002594
0.031429 0.003174
0.037143 0.003745
0.042857 0.004327
0.048571 0.004905
0.054286 0.005484
0.060000 0.006047
0.065714 0.006632
0.071429 0.007210
0.077143 0.007775
0.082857 0.008372
0.088571 0.008935
0.094286 0.009512
0.100000 0.010099
0.105714 0.010657
0.111429 0.011241
0.117143 0.011828
0.122857 0.012404
0.128571 0.012980
0.134286 0.013552
0.140000 0.014122
0.145714 0.014720
0.151429 0.015305
0.157143 0.015860
0.162857 0.016444
0.168571 0.017013
0.174286 0.017588
0.180000 0.018191
0.185714 0.018757
0.191429 0.019361
0.197143 0.019909
0.202857 0.020482
0.208571 0.021093
0.214286 0.021667
0.220000 0.022223
0.225714 0.022820
0.231429 0.023384
0.237143 0.023990
0.242857 0.024554
0.248571 0.025144
0.254286 0.025694
0.260000 0.026330
0.265714 0.026888
0.271429 0.027462
0.277143 0.028047
0.282857 0.028627
0.288571 0.029216
0.294286 0.029802
0.300000 0.030366
0.305714 0.030965
0.311429 0.031542
0.317143 0.032148
0.322857 0.032698
0.328571 0.033313
0.334286 0.033881
0.340000 0.034463
0.345714 0.035066
0.351429 0.035650
0.357143 0.036237
0.362857 0.036790
0.368571 0.037431
0.374286 0.037985
0.380000 0.038571
0.385714 0.039161
0.391429 0.039748
0.397143 0.040340
0.402857 0.040924
0.408571 0.041537
0.414286 0.042108
0.420000 0.042707
0.425714 0.043290
0.431429 0.043862
0.437143 0.044479
0.442857 0.045081
0.448571 0.045659
0.454286 0.046247
0.460000 0.046862
0.465714 0.047372
0.471429 0.048077
0.477143 0.048631
0.482857 0.049209
0.488571 0.049837
0.494286 0.050377
0.500000 0.051023
0.505714 0.051610
0.511429 0.052215
0.517143 0.052818
0.522857 0.053370
0.528571 0.053994
0.534286 0.054632
0.540000 0.055183
0.545714 0.055792
0.551429 0.056410
0.557143 0.056996
0.562857 0.057585
0.568571 0.058199
0.574286 0.058816
0.580000 0.059414
0.585714 0.060028
0.591429 0.060615
0.597143 0.061218
0.602857 0.061845
0.608571 0.062416
0.614286 0.063076
0.620000 0.063630
0.625714 0.064277
0.631429 0.064881
0.637143 0.065439
0.642857 0.066124
0.648571 0.066713
0.654286 0.067306
0.660000 0.067950
0.665714 0.068495
0.671429 0.069192
0.677143 0.069731
0.682857 0.070397
0.688571 0.071028
0.694286 0.071603
0.700000 0.072204
0.705714 0.072887
0.711429 0.073455
0.717143 0.074040
0.722857 0.074765
0.728571 0.075309
0.734286 0.075964
0.740000 0.076516
0.745714 0.077238
0.751429 0.077849
0.757143 0.078422
0.762857 0.079085
0.768571 0.079687
0.774286 0.080318
0.780000 0.080937
0.785714 0.081593
0.791429 0.082230
0.797143 0.082827
0.802857 0.083482
0.808571 0.084083
0.814286 0.084732
0.820000 0.085393
0.825714 0.085980
0.831429 0.086655
0.837143 0.087274
0.842857 0.087917
0.848571 0.088587
0.854286 0.089142
0.860000 0.089879
0.865714 0.090491
0.871429 0.091093
0.877143 0.091739
0.882857 0.092430
0.888571 0.093053
0.894286 0.093682
0.900000 0.094323
0.905714 0.095028
0.911429 0.095618
0.917143 0.096270
0.922857 0.096975
0.928571 0.097579
0.934286 0.098259
0.940000 0.098883
0.945714 0.099558
0.951429 0.100222
0.957143 0.100878
0.962857 0.101552
0.968571 0.102163
0.974286 0.102816
0.980000 0.103548
0.985714 0.104172
0.991429 0.104831
0.997143 0.105480
1.002857 0.106225
1.008571 0.106844
1.014286 0.107489
1.020000 0.108190
1.025714 0.108853
1.031429 0.109540
1.037143 0.110174
1.042857 0.110879
1.048571 0.111546
1.054286 0.112220
1.060000 0.112931
1.065714 0.113538
1.071429 0.114316
1.077143 0.114937
1.082857 0.115676
1.088571 0.116303
1.094286 0.116995
1.100000 0.117736
1.105714 0.118337
1.111429 0.119131
1.117143 0.119788
1.122857 0.120441
1.128571 0.121213
1.134286 0.121821
1.140000 0.122567
1.145714 0.123275
1.151429 0.123934
1.157143 0.124700
1.162857 0.125366
1.168571 0.126058
1.174286 0.126786
1.180000 0.127507
1.185714 0.128191
1.191429 0.128917
1.197143 0.129621
1.202857 0.130349
1.208571 0.131093
1.214286 0.131776
1.220000 0.132483
1.225714 0.133266
1.231429 0.133953
1.237143 0.134653
1.242857 0.135431
1.248571 0.136141
1.254286 0.136841
1.260000 0.137588
1.265714 0.138337
1.271429 0.139059
1.277143 0.139853
1.282857 0.140504
1.288571 0.141322
1.294286 0.142001
1.300000 0.142800
1.305714 0.143563
1.311429 0.144212
1.317143 0.145050
1.322857 0.145757
1.328571 0.146535
1.334286 0.147365
1.340000 0.148004
1.345714 0.148874
1.351429 0.149532
1.357143 0.150357
1.362857 0.151072
1.368571 0.151927
1.374286 0.152643
1.380000 0.153457
1.385714 0.154209
1.391429 0.154977
1.397143 0.155773
1.402857 0.156560
1.408571 0.157341
1.414286 0.158107
1.420000 0.158904
1.425714 0.159709
1.431429 0.160504
1.437143 0.161299
1.442857 0.162112
1.448571 0.162891
1.454286 0.163703
1.460000 0.164520
1.465714 0.165333
1.471429 0.166112
1.477143 0.166978
1.482857 0.167733
1.488571 0.168586
1.494286 0.169456
1.500000 0.170209
1.505714 0.171064
1.511429 0.171851
1.517143 0.172788
1.522857 0.173537
1.528571 0.174422
1.534286 0.175233
1.540000 0.176065
1.545714 0.176947
1.551429 0.177778
1.557143 0.178656
1.562857 0.179487
1.568571 0.180397
1.574286 0.181216
1.580000 0.182035
1.585714 0.182975
1.591429 0.183801
1.597143 0.184761
1.602857 0.185577
1.608571 0.186438
1.614286 0.187362
1.620000 0.188186
1.625714 0.189121
1.631429 0.190034
1.637143 0.190945
1.642857 0.191761
1.648571 0.192823
1.654286 0.193635
1.660000 0.194482
1.665714 0.195509
1.671429 0.196373
1.677143 0.197318
1.682857 0.198237
1.688571 0.199160
1.694286 0.200088
1.700000 0.201078
1.705714 0.201993
1.711429 0.202929
1.717143 0.203909
1.722857 0.204795
1.728571 0.205797
1.734286 0.206782
1.740000 0.207693
1.745714 0.208714
1.751429 0.209687
1.757143 0.210639
1.762857 0.211659
1.768571 0.212634
1.774286 0.213637
1.780000 0.214644
1.785714 0.215632
1.791429 0.216631
1.797143 0.217601
1.802857 0.218747
1.808571 0.219632
1.814286 0.220771
1.820000 0.221763
1.825714 0.222794
1.831429 0.223804
1.837143 0.224896
1.842857 0.225975
1.848571 0.226967
1.854286 0.228035
1.860000 0.229211
1.865714 0.230180
1.871429 0.231198
1.877143 0.232434
1.882857 0.233512
1.888571 0.234575
1.894286 0.235662
1.900000 0.236766
1.905714 0.237983
1.911429 0.238954
1.917143 0.240218
1.922857 0.241299
1.928571 0.242399
1.934286 0.243609
1.940000 0.244751
1.945714 0.245894
1.951429 0.247035
1.957143 0.248283
1.962857 0.249482
1.968571 0.250638
1.974286 0.251855
1.980000 0.253024
1.985714 0.254270
1.991429 0.255528
1.997143 0.256653
