# E | DOS | Nbin = 1000 & k_point = 30000
-8.495750 0.000000
-8.487250 0.000000
-8.478750 0.000000
-8.470250 0.000000
-8.461750 0.000000
-8.453250 0.000000
-8.444750 0.000000
-8.436250 0.000000
-8.427750 0.000000
-8.419250 0.000000
-8.410750 0.000000
-8.402250 0.046342
-8.393750 0.196957
-8.385250 0.197116
-8.376750 0.197160
-8.368250 0.197281
-8.359750 0.197382
-8.351250 0.197425
-8.342750 0.197556
-8.334250 0.197585
-8.325750 0.197913
-8.317250 0.197884
-8.308750 0.198010
-8.300250 0.198039
-8.291750 0.198140
-8.283250 0.198218
-8.274750 0.198367
-8.266250 0.198594
-8.257750 0.198570
-8.249250 0.198604
-8.240750 0.198942
-8.232250 0.198686
-8.223750 0.199179
-8.215250 0.199029
-8.206750 0.199155
-8.198250 0.199372
-8.189750 0.199401
-8.181250 0.199527
-8.172750 0.199657
-8.164250 0.199715
-8.155750 0.199758
-8.147250 0.200014
-8.138750 0.199903
-8.130250 0.200237
-8.121750 0.200251
-8.113250 0.200420
-8.104750 0.200299
-8.096250 0.200691
-8.087750 0.200599
-8.079250 0.200705
-8.070750 0.200995
-8.062250 0.201005
-8.053750 0.201010
-8.045250 0.201275
-8.036750 0.201217
-8.028250 0.201396
-8.019750 0.201541
-8.011250 0.201464
-8.002750 0.201792
-7.994250 0.201937
-7.985750 0.201980
-7.977250 0.202053
-7.968750 0.202009
-7.960250 0.202488
-7.951750 0.202251
-7.943250 0.202463
-7.934750 0.202594
-7.926250 0.202715
-7.917750 0.202744
-7.909250 0.203067
-7.900750 0.203029
-7.892250 0.203101
-7.883750 0.203285
-7.875250 0.203314
-7.866750 0.203357
-7.858250 0.203618
-7.849750 0.203821
-7.841250 0.203642
-7.832750 0.203888
-7.824250 0.204053
-7.815750 0.204130
-7.807250 0.204236
-7.798750 0.204483
-7.790250 0.204405
-7.781750 0.204478
-7.773250 0.204743
-7.764750 0.204830
-7.756250 0.204975
-7.747750 0.204961
-7.739250 0.205009
-7.730750 0.205410
-7.722250 0.205357
-7.713750 0.205439
-7.705250 0.205632
-7.696750 0.205695
-7.688250 0.205840
-7.679750 0.205854
-7.671250 0.206154
-7.662750 0.206081
-7.654250 0.206294
-7.645750 0.206434
-7.637250 0.206453
-7.628750 0.206685
-7.620250 0.206671
-7.611750 0.206999
-7.603250 0.206859
-7.594750 0.207105
-7.586250 0.207178
-7.577750 0.207294
-7.569250 0.207477
-7.560750 0.207627
-7.552250 0.207593
-7.543750 0.207873
-7.535250 0.207709
-7.526750 0.208241
-7.518250 0.208091
-7.509750 0.208342
-7.501250 0.208323
-7.492750 0.208337
-7.484250 0.208844
-7.475750 0.208651
-7.467250 0.208868
-7.458750 0.209009
-7.450250 0.209042
-7.441750 0.209182
-7.433250 0.209298
-7.424750 0.209516
-7.416250 0.209661
-7.407750 0.209723
-7.399250 0.209810
-7.390750 0.209941
-7.382250 0.210086
-7.373750 0.210153
-7.365250 0.210245
-7.356750 0.210255
-7.348250 0.210670
-7.339750 0.210820
-7.331250 0.210738
-7.322750 0.210907
-7.314250 0.211168
-7.305750 0.211090
-7.297250 0.211332
-7.288750 0.211264
-7.280250 0.211520
-7.271750 0.211704
-7.263250 0.211781
-7.254750 0.211878
-7.246250 0.212250
-7.237750 0.212008
-7.229250 0.212351
-7.220750 0.212390
-7.212250 0.212675
-7.203750 0.212607
-7.195250 0.212723
-7.186750 0.212907
-7.178250 0.213090
-7.169750 0.213279
-7.161250 0.213341
-7.152750 0.213438
-7.144250 0.213515
-7.135750 0.213612
-7.127250 0.213728
-7.118750 0.214076
-7.110250 0.214143
-7.101750 0.214288
-7.093250 0.214312
-7.084750 0.214472
-7.076250 0.214448
-7.067750 0.214752
-7.059250 0.214974
-7.050750 0.214945
-7.042250 0.215172
-7.033750 0.215288
-7.025250 0.215317
-7.016750 0.215534
-7.008250 0.215554
-6.999750 0.215757
-6.991250 0.216104
-6.982750 0.215950
-6.974250 0.216317
-6.965750 0.216312
-6.957250 0.216298
-6.948750 0.216810
-6.940250 0.216592
-6.931750 0.216800
-6.923250 0.217051
-6.914750 0.217153
-6.906250 0.217312
-6.897750 0.217365
-6.889250 0.217660
-6.880750 0.217592
-6.872250 0.217766
-6.863750 0.218046
-6.855250 0.217983
-6.846750 0.218254
-6.838250 0.218437
-6.829750 0.218379
-6.821250 0.218809
-6.812750 0.218679
-6.804250 0.218814
-6.795750 0.219152
-6.787250 0.219220
-6.778750 0.219152
-6.770250 0.219693
-6.761750 0.219645
-6.753250 0.219746
-6.744750 0.220007
-6.736250 0.219872
-6.727750 0.220336
-6.719250 0.220297
-6.710750 0.220635
-6.702250 0.220365
-6.693750 0.220848
-6.685250 0.220988
-6.676750 0.220993
-6.668250 0.221181
-6.659750 0.221321
-6.651250 0.221635
-6.642750 0.221384
-6.634250 0.221925
-6.625750 0.221925
-6.617250 0.222036
-6.608750 0.222229
-6.600250 0.222340
-6.591750 0.222601
-6.583250 0.222611
-6.574750 0.222857
-6.566250 0.222934
-6.557750 0.223166
-6.549250 0.223161
-6.540750 0.223446
-6.532250 0.223500
-6.523750 0.223698
-6.515250 0.223843
-6.506750 0.224128
-6.498250 0.223929
-6.489750 0.224485
-6.481250 0.224413
-6.472750 0.224499
-6.464250 0.224963
-6.455750 0.224857
-6.447250 0.225007
-6.438750 0.225258
-6.430250 0.225470
-6.421750 0.225359
-6.413250 0.225751
-6.404750 0.225794
-6.396250 0.225949
-6.387750 0.226369
-6.379250 0.226277
-6.370750 0.226296
-6.362250 0.226736
-6.353750 0.226639
-6.345250 0.227055
-6.336750 0.227185
-6.328250 0.227175
-6.319750 0.227552
-6.311250 0.227489
-6.302750 0.227726
-6.294250 0.227900
-6.285750 0.228026
-6.277250 0.228291
-6.268750 0.228398
-6.260250 0.228509
-6.251750 0.228692
-6.243250 0.228881
-6.234750 0.229132
-6.226250 0.229170
-6.217750 0.229257
-6.209250 0.229407
-6.200750 0.229851
-6.192250 0.229803
-6.183750 0.230098
-6.175250 0.230025
-6.166750 0.230533
-6.158250 0.230523
-6.149750 0.230644
-6.141250 0.230779
-6.132750 0.230895
-6.124250 0.231281
-6.115750 0.231489
-6.107250 0.231508
-6.098750 0.231605
-6.090250 0.231846
-6.081750 0.232122
-6.073250 0.232291
-6.064750 0.232325
-6.056250 0.232532
-6.047750 0.232866
-6.039250 0.232740
-6.030750 0.233097
-6.022250 0.233213
-6.013750 0.233494
-6.005250 0.233682
-5.996750 0.233817
-5.988250 0.233764
-5.979750 0.234146
-5.971250 0.234179
-5.962750 0.234600
-5.954250 0.234841
-5.945750 0.234643
-5.937250 0.235184
-5.928750 0.235257
-5.920250 0.235261
-5.911750 0.235406
-5.903250 0.235856
-5.894750 0.236025
-5.886250 0.236025
-5.877750 0.236256
-5.869250 0.236575
-5.860750 0.236706
-5.852250 0.236880
-5.843750 0.236996
-5.835250 0.237179
-5.826750 0.237377
-5.818250 0.237551
-5.809750 0.237725
-5.801250 0.238097
-5.792750 0.237952
-5.784250 0.238420
-5.775750 0.238580
-5.767250 0.238599
-5.758750 0.239063
-5.750250 0.238952
-5.741750 0.239483
-5.733250 0.239454
-5.724750 0.239449
-5.716250 0.240145
-5.707750 0.239990
-5.699250 0.240213
-5.690750 0.240541
-5.682250 0.240565
-5.673750 0.240768
-5.665250 0.241343
-5.656750 0.241024
-5.648250 0.241488
-5.639750 0.241734
-5.631250 0.241889
-5.622750 0.241927
-5.614250 0.242154
-5.605750 0.242594
-5.597250 0.242579
-5.588750 0.242898
-5.580250 0.242971
-5.571750 0.243425
-5.563250 0.243420
-5.554750 0.243405
-5.546250 0.244120
-5.537750 0.243821
-5.529250 0.244429
-5.520750 0.244579
-5.512250 0.244724
-5.503750 0.244854
-5.495250 0.245236
-5.486750 0.245120
-5.478250 0.245647
-5.469750 0.245961
-5.461250 0.245864
-5.452750 0.246033
-5.444250 0.246540
-5.435750 0.246458
-5.427250 0.246951
-5.418750 0.246825
-5.410250 0.247680
-5.401750 0.247342
-5.393250 0.247656
-5.384750 0.248023
-5.376250 0.248245
-5.367750 0.248221
-5.359250 0.248699
-5.350750 0.248811
-5.342250 0.248864
-5.333750 0.249429
-5.325250 0.249453
-5.316750 0.249873
-5.308250 0.249897
-5.299750 0.249893
-5.291250 0.250593
-5.282750 0.250733
-5.274250 0.250743
-5.265750 0.251211
-5.257250 0.251255
-5.248750 0.251583
-5.240250 0.251733
-5.231750 0.252037
-5.223250 0.252361
-5.214750 0.252477
-5.206250 0.252834
-5.197750 0.252940
-5.189250 0.253192
-5.180750 0.253544
-5.172250 0.253655
-5.163750 0.253931
-5.155250 0.253989
-5.146750 0.254554
-5.138250 0.254665
-5.129750 0.254824
-5.121250 0.255158
-5.112750 0.255544
-5.104250 0.255752
-5.095750 0.255979
-5.087250 0.256259
-5.078750 0.256307
-5.070250 0.256467
-5.061750 0.257104
-5.053250 0.257317
-5.044750 0.257491
-5.036250 0.257505
-5.027750 0.258119
-5.019250 0.258167
-5.010750 0.258350
-5.002250 0.258780
-4.993750 0.259089
-4.985250 0.259423
-4.976750 0.259336
-4.968250 0.259742
-4.959750 0.260191
-4.951250 0.260321
-4.942750 0.260432
-4.934250 0.260911
-4.925750 0.261157
-4.917250 0.261558
-4.908750 0.261616
-4.900250 0.261988
-4.891750 0.262287
-4.883250 0.262625
-4.874750 0.262809
-4.866250 0.263012
-4.857750 0.263393
-4.849250 0.263673
-4.840750 0.263857
-4.832250 0.264384
-4.823750 0.264398
-4.815250 0.264958
-4.806750 0.265103
-4.798250 0.265354
-4.789750 0.265693
-4.781250 0.265968
-4.772750 0.266277
-4.764250 0.266330
-4.755750 0.267045
-4.747250 0.267282
-4.738750 0.267427
-4.730250 0.267654
-4.721750 0.268219
-4.713250 0.268349
-4.704750 0.268634
-4.696250 0.268948
-4.687750 0.269489
-4.679250 0.269591
-4.670750 0.269914
-4.662250 0.270151
-4.653750 0.270673
-4.645250 0.271045
-4.636750 0.271045
-4.628250 0.271470
-4.619750 0.271972
-4.611250 0.271943
-4.602750 0.272566
-4.594250 0.272957
-4.585750 0.273242
-4.577250 0.273556
-4.568750 0.273629
-4.560250 0.274373
-4.551750 0.274445
-4.543250 0.274764
-4.534750 0.275305
-4.526250 0.275358
-4.517750 0.275909
-4.509250 0.276305
-4.500750 0.276401
-4.492250 0.277131
-4.483750 0.277160
-4.475250 0.277778
-4.466750 0.278044
-4.458250 0.278198
-4.449750 0.278792
-4.441250 0.279082
-4.432750 0.279300
-4.424250 0.279618
-4.415750 0.280551
-4.407250 0.280415
-4.398750 0.281010
-4.390250 0.281304
-4.381750 0.281724
-4.373250 0.282251
-4.364750 0.282072
-4.356250 0.283203
-4.347750 0.283053
-4.339250 0.283608
-4.330750 0.283961
-4.322250 0.284627
-4.313750 0.284478
-4.305250 0.285458
-4.296750 0.285473
-4.288250 0.286130
-4.279750 0.286188
-4.271250 0.287057
-4.262750 0.287057
-4.254250 0.287820
-4.245750 0.288033
-4.237250 0.288400
-4.228750 0.289062
-4.220250 0.289376
-4.211750 0.289757
-4.203250 0.290308
-4.194750 0.290675
-4.186250 0.291144
-4.177750 0.291564
-4.169250 0.292134
-4.160750 0.292520
-4.152250 0.292733
-4.143750 0.293515
-4.135250 0.293795
-4.126750 0.294327
-4.118250 0.294916
-4.109750 0.295109
-4.101250 0.295650
-4.092750 0.296022
-4.084250 0.296641
-4.075750 0.297201
-4.067250 0.297737
-4.058750 0.298177
-4.050250 0.298606
-4.041750 0.299104
-4.033250 0.299693
-4.024750 0.299973
-4.016250 0.300882
-4.007750 0.301229
-3.999250 0.301679
-3.990750 0.302191
-3.982250 0.302577
-3.973750 0.303529
-3.965250 0.303644
-3.956750 0.304669
-3.948250 0.304635
-3.939750 0.305717
-3.931250 0.305837
-3.922750 0.306557
-3.914250 0.307359
-3.905750 0.307639
-3.897250 0.308224
-3.888750 0.308943
-3.880250 0.309397
-3.871750 0.310161
-3.863250 0.310576
-3.854750 0.311503
-3.846250 0.311793
-3.837750 0.312450
-3.829250 0.313151
-3.820750 0.313880
-3.812250 0.314291
-3.803750 0.315290
-3.795250 0.315377
-3.786750 0.316628
-3.778250 0.316682
-3.769750 0.317759
-3.761250 0.318551
-3.752750 0.318889
-3.744250 0.319749
-3.735750 0.320430
-3.727250 0.320956
-3.718750 0.322038
-3.710250 0.322256
-3.701750 0.323275
-3.693250 0.324125
-3.684750 0.324826
-3.676250 0.325173
-3.667750 0.326487
-3.659250 0.327018
-3.650750 0.327956
-3.642250 0.328472
-3.633750 0.329414
-3.625250 0.330033
-3.616750 0.331303
-3.608250 0.331535
-3.599750 0.332829
-3.591250 0.333361
-3.582750 0.334467
-3.574250 0.335206
-3.565750 0.336042
-3.557250 0.336848
-3.548750 0.337824
-3.540250 0.339128
-3.531750 0.339534
-3.523250 0.340828
-3.514750 0.341316
-3.506250 0.342698
-3.497750 0.343717
-3.489250 0.344524
-3.480750 0.345519
-3.472250 0.346649
-3.463750 0.347494
-3.455250 0.348774
-3.446750 0.349668
-3.438250 0.350851
-3.429750 0.351900
-3.421250 0.352798
-3.412750 0.354493
-3.404250 0.355088
-3.395750 0.356488
-3.387250 0.358010
-3.378750 0.358831
-3.370250 0.360087
-3.361750 0.361430
-3.353250 0.362637
-3.344750 0.364000
-3.336250 0.365304
-3.327750 0.366753
-3.319250 0.368004
-3.310750 0.369120
-3.302250 0.370950
-3.293750 0.372375
-3.285250 0.373593
-3.276750 0.375563
-3.268250 0.376906
-3.259750 0.378283
-3.251250 0.380099
-3.242750 0.381881
-3.234250 0.383200
-3.225750 0.385108
-3.217250 0.386770
-3.208750 0.388968
-3.200250 0.390359
-3.191750 0.392436
-3.183250 0.394460
-3.174750 0.396112
-3.166250 0.398193
-3.157750 0.400710
-3.149250 0.402589
-3.140750 0.404710
-3.132250 0.407415
-3.123750 0.409163
-3.115250 0.411878
-3.106750 0.414332
-3.098250 0.416959
-3.089750 0.419626
-3.081250 0.422210
-3.072750 0.425277
-3.064250 0.428084
-3.055750 0.430933
-3.047250 0.433928
-3.038750 0.438049
-3.030250 0.440802
-3.021750 0.444289
-3.013250 0.448125
-3.004750 0.452288
-2.996250 0.455906
-2.987750 0.460056
-2.979250 0.465016
-2.970750 0.469470
-2.962250 0.474097
-2.953750 0.479855
-2.945250 0.485434
-2.936750 0.490926
-2.928250 0.497157
-2.919750 0.504664
-2.911250 0.511561
-2.902750 0.519358
-2.894250 0.528236
-2.885750 0.538036
-2.877250 0.548398
-2.868750 0.560053
-2.860250 0.574351
-2.851750 0.589822
-2.843250 0.608168
-2.834750 0.630919
-2.826250 0.662104
-2.817750 0.703258
-2.809250 0.775240
-2.800750 0.964444
-2.792250 0.793155
-2.783750 0.708388
-2.775250 0.661374
-2.766750 0.628431
-2.758250 0.602053
-2.749750 0.581041
-2.741250 0.564062
-2.732750 0.547915
-2.724250 0.534163
-2.715750 0.522067
-2.707250 0.511160
-2.698750 0.500485
-2.690250 0.490883
-2.681750 0.482613
-2.673250 0.474276
-2.664750 0.466359
-2.656250 0.459172
-2.647750 0.452573
-2.639250 0.445444
-2.630750 0.439691
-2.622250 0.433320
-2.613750 0.428098
-2.605250 0.422210
-2.596750 0.417210
-2.588250 0.412467
-2.579750 0.407091
-2.571250 0.402521
-2.562750 0.397947
-2.554250 0.393750
-2.545750 0.389151
-2.537250 0.385108
-2.528750 0.381437
-2.520250 0.377196
-2.511750 0.373322
-2.503250 0.369690
-2.494750 0.366439
-2.486250 0.362488
-2.477750 0.359087
-2.469250 0.356054
-2.460750 0.352402
-2.452250 0.349262
-2.443750 0.346258
-2.435250 0.343113
-2.426750 0.340031
-2.418250 0.337008
-2.409750 0.334438
-2.401250 0.331192
-2.392750 0.328463
-2.384250 0.325680
-2.375750 0.323314
-2.367250 0.320275
-2.358750 0.317686
-2.350250 0.315551
-2.341750 0.312774
-2.333250 0.309996
-2.324750 0.307861
-2.316250 0.305292
-2.307750 0.303012
-2.299250 0.300674
-2.290750 0.298486
-2.282250 0.295926
-2.273750 0.293786
-2.265250 0.291738
-2.256750 0.289294
-2.248250 0.287274
-2.239750 0.285284
-2.231250 0.282975
-2.222750 0.280894
-2.214250 0.278966
-2.205750 0.276706
-2.197250 0.274870
-2.188750 0.272996
-2.180250 0.271040
-2.171750 0.268760
-2.163250 0.267156
-2.154750 0.265379
-2.146250 0.263094
-2.137750 0.261601
-2.129250 0.259766
-2.120750 0.257645
-2.112250 0.255868
-2.103750 0.254481
-2.095250 0.252274
-2.086750 0.250704
-2.078250 0.249163
-2.069750 0.247183
-2.061250 0.245497
-2.052750 0.244009
-2.044250 0.242169
-2.035750 0.240662
-2.027250 0.238961
-2.018750 0.237198
-2.010250 0.235701
-2.001750 0.234310
-1.993250 0.232363
-1.984750 0.230914
-1.976250 0.229460
-1.967750 0.227900
-1.959250 0.226282
-1.950750 0.224963
-1.942250 0.223215
-1.933750 0.221867
-1.925250 0.220307
-1.916750 0.218843
-1.908250 0.217389
-1.899750 0.215901
-1.891250 0.214448
-1.882750 0.213066
-1.874250 0.211665
-1.865750 0.210351
-1.857250 0.208801
-1.848750 0.207250
-1.840250 0.206164
-1.831750 0.204656
-1.823250 0.203357
-1.814750 0.201937
-1.806250 0.200715
-1.797750 0.199044
-1.789250 0.198111
-1.780750 0.196406
-1.772250 0.195295
-1.763750 0.194054
-1.755250 0.192624
-1.746750 0.191503
-1.738250 0.190021
-1.729750 0.188914
-1.721250 0.187543
-1.712750 0.186325
-1.704250 0.184958
-1.695750 0.183934
-1.687250 0.182466
-1.678750 0.181452
-1.670250 0.180080
-1.661750 0.178988
-1.653250 0.177742
-1.644750 0.176215
-1.636250 0.175317
-1.627750 0.174042
-1.619250 0.172969
-1.610750 0.171617
-1.602250 0.170545
-1.593750 0.169492
-1.585250 0.168009
-1.576750 0.167134
-1.568250 0.165893
-1.559750 0.164758
-1.551250 0.163521
-1.542750 0.162584
-1.534250 0.161164
-1.525750 0.160130
-1.517250 0.159145
-1.508750 0.158000
-1.500250 0.156696
-1.491750 0.155798
-1.483250 0.154590
-1.474750 0.153474
-1.466250 0.152648
-1.457750 0.151214
-1.449250 0.150267
-1.440750 0.149161
-1.432250 0.148108
-1.423750 0.147093
-1.415250 0.145784
-1.406750 0.144925
-1.398250 0.143910
-1.389750 0.142847
-1.381250 0.141635
-1.372750 0.140843
-1.364250 0.139452
-1.355750 0.138577
-1.347250 0.137785
-1.338750 0.136452
-1.330250 0.135486
-1.321750 0.134539
-1.313250 0.133515
-1.304750 0.132467
-1.296250 0.131375
-1.287750 0.130405
-1.279250 0.129409
-1.270750 0.128429
-1.262250 0.127477
-1.253750 0.126574
-1.245250 0.125444
-1.236750 0.124410
-1.228250 0.123521
-1.219750 0.122430
-1.211250 0.121560
-1.202750 0.120527
-1.194250 0.119618
-1.185750 0.118546
-1.177250 0.117566
-1.168750 0.116701
-1.160250 0.115711
-1.151750 0.114788
-1.143250 0.113687
-1.134750 0.112957
-1.126250 0.111856
-1.117750 0.110808
-1.109250 0.109934
-1.100750 0.108992
-1.092250 0.108156
-1.083750 0.107200
-1.075250 0.106267
-1.066750 0.105277
-1.058250 0.104393
-1.049750 0.103432
-1.041250 0.102519
-1.032750 0.101611
-1.024250 0.100828
-1.015750 0.099659
-1.007250 0.098819
-0.998750 0.097945
-0.990250 0.097119
-0.981750 0.096114
-0.973250 0.095085
-0.964750 0.094399
-0.956250 0.093428
-0.947750 0.092361
-0.939250 0.091607
-0.930750 0.090752
-0.922250 0.089743
-0.913750 0.088907
-0.905250 0.088163
-0.896750 0.086989
-0.888250 0.086333
-0.879750 0.085574
-0.871250 0.084188
-0.862750 0.083661
-0.854250 0.082806
-0.845750 0.081739
-0.837250 0.081063
-0.828750 0.080043
-0.820250 0.079309
-0.811750 0.078276
-0.803250 0.077580
-0.794750 0.076662
-0.786250 0.075624
-0.777750 0.075054
-0.769250 0.073972
-0.760750 0.073170
-0.752250 0.072160
-0.743750 0.071624
-0.735250 0.070489
-0.726750 0.069837
-0.718250 0.068813
-0.709750 0.068132
-0.701250 0.067156
-0.692750 0.066359
-0.684250 0.065325
-0.675750 0.064693
-0.667250 0.063785
-0.658750 0.063060
-0.650250 0.062031
-0.641750 0.061244
-0.633250 0.060476
-0.624750 0.059548
-0.616250 0.058833
-0.607750 0.057829
-0.599250 0.057133
-0.590750 0.056215
-0.582250 0.055360
-0.573750 0.054607
-0.565250 0.053704
-0.556750 0.053013
-0.548250 0.052018
-0.539750 0.051260
-0.531250 0.050491
-0.522750 0.049564
-0.514250 0.048801
-0.505750 0.047927
-0.497250 0.047178
-0.488750 0.046405
-0.480250 0.045400
-0.471750 0.044594
-0.463250 0.043903
-0.454750 0.042966
-0.446250 0.042203
-0.437750 0.041454
-0.429250 0.040531
-0.420750 0.039783
-0.412250 0.039015
-0.403750 0.038015
-0.395250 0.037343
-0.386750 0.036580
-0.378250 0.035677
-0.369750 0.034827
-0.361250 0.034194
-0.352750 0.033165
-0.344250 0.032441
-0.335750 0.031644
-0.327250 0.030842
-0.318750 0.030016
-0.310250 0.029204
-0.301750 0.028542
-0.293250 0.027547
-0.284750 0.026804
-0.276250 0.025997
-0.267750 0.025166
-0.259250 0.024364
-0.250750 0.023630
-0.242250 0.022727
-0.233750 0.021983
-0.225250 0.021123
-0.216750 0.020365
-0.208250 0.019630
-0.199750 0.018722
-0.191250 0.017983
-0.182750 0.017244
-0.174250 0.016341
-0.165750 0.015563
-0.157250 0.014737
-0.148750 0.014003
-0.140250 0.013143
-0.131750 0.012322
-0.123250 0.011612
-0.114750 0.010834
-0.106250 0.009941
-0.097750 0.009139
-0.089250 0.008400
-0.080750 0.007598
-0.072250 0.006767
-0.063750 0.006004
-0.055250 0.005173
-0.046750 0.004405
-0.038250 0.003574
-0.029750 0.002806
-0.021250 0.002005
-0.012750 0.001212
-0.004250 0.000401
0.004250 0.000401
0.012750 0.001212
0.021250 0.002005
0.029750 0.002806
0.038250 0.003574
0.046750 0.004405
0.055250 0.005173
0.063750 0.006004
0.072250 0.006767
0.080750 0.007598
0.089250 0.008400
0.097750 0.009139
0.106250 0.009941
0.114750 0.010834
0.123250 0.011612
0.131750 0.012322
0.140250 0.013143
0.148750 0.014003
0.157250 0.014737
0.165750 0.015563
0.174250 0.016341
0.182750 0.017244
0.191250 0.017983
0.199750 0.018722
0.208250 0.019630
0.216750 0.020365
0.225250 0.021123
0.233750 0.021983
0.242250 0.022727
0.250750 0.023630
0.259250 0.024364
0.267750 0.025166
0.276250 0.025997
0.284750 0.026804
0.293250 0.027547
0.301750 0.028542
0.310250 0.029204
0.318750 0.030016
0.327250 0.030842
0.335750 0.031644
0.344250 0.032441
0.352750 0.033165
0.361250 0.034194
0.369750 0.034827
0.378250 0.035677
0.386750 0.036580
0.395250 0.037343
0.403750 0.038015
0.412250 0.039015
0.420750 0.039783
0.429250 0.040531
0.437750 0.041454
0.446250 0.042203
0.454750 0.042966
0.463250 0.043903
0.471750 0.044594
0.480250 0.045400
0.488750 0.046405
0.497250 0.047178
0.505750 0.047927
0.514250 0.048801
0.522750 0.049564
0.531250 0.050491
0.539750 0.051260
0.548250 0.052018
0.556750 0.053013
0.565250 0.053704
0.573750 0.054607
0.582250 0.055360
0.590750 0.056215
0.599250 0.057133
0.607750 0.057829
0.616250 0.058833
0.624750 0.059548
0.633250 0.060476
0.641750 0.061244
0.650250 0.062031
0.658750 0.063060
0.667250 0.063785
0.675750 0.064693
0.684250 0.065325
0.692750 0.066359
0.701250 0.067156
0.709750 0.068132
0.718250 0.068813
0.726750 0.069837
0.735250 0.070489
0.743750 0.071624
0.752250 0.072160
0.760750 0.073170
0.769250 0.073972
0.777750 0.075054
0.786250 0.075624
0.794750 0.076662
0.803250 0.077580
0.811750 0.078276
0.820250 0.079309
0.828750 0.080043
0.837250 0.081063
0.845750 0.081739
0.854250 0.082806
0.862750 0.083661
0.871250 0.084188
0.879750 0.085574
0.888250 0.086333
0.896750 0.086989
0.905250 0.088163
0.913750 0.088907
0.922250 0.089743
0.930750 0.090752
0.939250 0.091607
0.947750 0.092361
0.956250 0.093428
0.964750 0.094399
0.973250 0.095085
0.981750 0.096114
0.990250 0.097119
0.998750 0.097945
1.007250 0.098819
1.015750 0.099659
1.024250 0.100828
1.032750 0.101611
1.041250 0.102519
1.049750 0.103432
1.058250 0.104393
1.066750 0.105277
1.075250 0.106267
1.083750 0.107200
1.092250 0.108156
1.100750 0.108992
1.109250 0.109934
1.117750 0.110808
1.126250 0.111856
1.134750 0.112957
1.143250 0.113687
1.151750 0.114788
1.160250 0.115711
1.168750 0.116701
1.177250 0.117566
1.185750 0.118546
1.194250 0.119618
1.202750 0.120527
1.211250 0.121560
1.219750 0.122430
1.228250 0.123521
1.236750 0.124410
1.245250 0.125444
1.253750 0.126574
1.262250 0.127477
1.270750 0.128429
1.279250 0.129409
1.287750 0.130405
1.296250 0.131375
1.304750 0.132467
1.313250 0.133515
1.321750 0.134539
1.330250 0.135486
1.338750 0.136452
1.347250 0.137785
1.355750 0.138577
1.364250 0.139452
1.372750 0.140843
1.381250 0.141635
1.389750 0.142847
1.398250 0.143910
1.406750 0.144925
1.415250 0.145784
1.423750 0.147093
1.432250 0.148108
1.440750 0.149161
1.449250 0.150267
1.457750 0.151214
1.466250 0.152648
1.474750 0.153474
1.483250 0.154590
1.491750 0.155798
1.500250 0.156696
1.508750 0.158000
1.517250 0.159145
1.525750 0.160130
1.534250 0.161164
1.542750 0.162584
1.551250 0.163521
1.559750 0.164758
1.568250 0.165893
1.576750 0.167134
1.585250 0.168009
1.593750 0.169492
1.602250 0.170545
1.610750 0.171617
1.619250 0.172969
1.627750 0.174042
1.636250 0.175317
1.644750 0.176215
1.653250 0.177742
1.661750 0.178988
1.670250 0.180080
1.678750 0.181452
1.687250 0.182466
1.695750 0.183934
1.704250 0.184958
1.712750 0.186325
1.721250 0.187543
1.729750 0.188914
1.738250 0.190021
1.746750 0.191503
1.755250 0.192624
1.763750 0.194054
1.772250 0.195295
1.780750 0.196406
1.789250 0.198111
1.797750 0.199044
1.806250 0.200715
1.814750 0.201937
1.823250 0.203357
1.831750 0.204656
1.840250 0.206164
1.848750 0.207250
1.857250 0.208801
1.865750 0.210351
1.874250 0.211665
1.882750 0.213066
1.891250 0.214448
1.899750 0.215901
1.908250 0.217389
1.916750 0.218843
1.925250 0.220307
1.933750 0.221867
1.942250 0.223215
1.950750 0.224963
1.959250 0.226282
1.967750 0.227900
1.976250 0.229460
1.984750 0.230914
1.993250 0.232363
2.001750 0.234310
2.010250 0.235701
2.018750 0.237198
2.027250 0.238961
2.035750 0.240662
2.044250 0.242169
2.052750 0.244009
2.061250 0.245497
2.069750 0.247183
2.078250 0.249163
2.086750 0.250704
2.095250 0.252274
2.103750 0.254481
2.112250 0.255868
2.120750 0.257645
2.129250 0.259766
2.137750 0.261601
2.146250 0.263094
2.154750 0.265379
2.163250 0.267156
2.171750 0.268760
2.180250 0.271040
2.188750 0.272996
2.197250 0.274870
2.205750 0.276706
2.214250 0.278966
2.222750 0.280894
2.231250 0.282975
2.239750 0.285284
2.248250 0.287274
2.256750 0.289294
2.265250 0.291738
2.273750 0.293786
2.282250 0.295926
2.290750 0.298486
2.299250 0.300674
2.307750 0.303012
2.316250 0.305292
2.324750 0.307861
2.333250 0.309996
2.341750 0.312774
2.350250 0.315551
2.358750 0.317686
2.367250 0.320275
2.375750 0.323314
2.384250 0.325680
2.392750 0.328463
2.401250 0.331192
2.409750 0.334438
2.418250 0.337008
2.426750 0.340031
2.435250 0.343113
2.443750 0.346258
2.452250 0.349262
2.460750 0.352402
2.469250 0.356054
2.477750 0.359087
2.486250 0.362488
2.494750 0.366439
2.503250 0.369690
2.511750 0.373322
2.520250 0.377196
2.528750 0.381437
2.537250 0.385108
2.545750 0.389151
2.554250 0.393750
2.562750 0.397947
2.571250 0.402521
2.579750 0.407091
2.588250 0.412467
2.596750 0.417210
2.605250 0.422210
2.613750 0.428098
2.622250 0.433320
2.630750 0.439691
2.639250 0.445444
2.647750 0.452573
2.656250 0.459172
2.664750 0.466359
2.673250 0.474276
2.681750 0.482613
2.690250 0.490883
2.698750 0.500485
2.707250 0.511160
2.715750 0.522067
2.724250 0.534163
2.732750 0.547915
2.741250 0.564062
2.749750 0.581041
2.758250 0.602053
2.766750 0.628431
2.775250 0.661374
2.783750 0.708388
2.792250 0.793155
2.800750 0.964444
2.809250 0.775240
2.817750 0.703258
2.826250 0.662104
2.834750 0.630919
2.843250 0.608168
2.851750 0.589822
2.860250 0.574351
2.868750 0.560053
2.877250 0.548398
2.885750 0.538036
2.894250 0.528236
2.902750 0.519358
2.911250 0.511561
2.919750 0.504664
2.928250 0.497157
2.936750 0.490926
2.945250 0.485434
2.953750 0.479855
2.962250 0.474097
2.970750 0.469470
2.979250 0.465016
2.987750 0.460056
2.996250 0.455906
3.004750 0.452288
3.013250 0.448125
3.021750 0.444289
3.030250 0.440802
3.038750 0.438049
3.047250 0.433928
3.055750 0.430933
3.064250 0.428084
3.072750 0.425277
3.081250 0.422210
3.089750 0.419626
3.098250 0.416959
3.106750 0.414332
3.115250 0.411878
3.123750 0.409163
3.132250 0.407415
3.140750 0.404710
3.149250 0.402589
3.157750 0.400710
3.166250 0.398193
3.174750 0.396112
3.183250 0.394460
3.191750 0.392436
3.200250 0.390359
3.208750 0.388968
3.217250 0.386770
3.225750 0.385108
3.234250 0.383200
3.242750 0.381881
3.251250 0.380099
3.259750 0.378283
3.268250 0.376906
3.276750 0.375563
3.285250 0.373593
3.293750 0.372375
3.302250 0.370950
3.310750 0.369120
3.319250 0.368004
3.327750 0.366753
3.336250 0.365304
3.344750 0.364000
3.353250 0.362637
3.361750 0.361430
3.370250 0.360087
3.378750 0.358831
3.387250 0.358010
3.395750 0.356488
3.404250 0.355088
3.412750 0.354493
3.421250 0.352798
3.429750 0.351900
3.438250 0.350851
3.446750 0.349668
3.455250 0.348774
3.463750 0.347494
3.472250 0.346649
3.480750 0.345519
3.489250 0.344524
3.497750 0.343717
3.506250 0.342698
3.514750 0.341316
3.523250 0.340828
3.531750 0.339534
3.540250 0.339128
3.548750 0.337824
3.557250 0.336848
3.565750 0.336042
3.574250 0.335206
3.582750 0.334467
3.591250 0.333361
3.599750 0.332829
3.608250 0.331535
3.616750 0.331303
3.625250 0.330033
3.633750 0.329414
3.642250 0.328472
3.650750 0.327956
3.659250 0.327018
3.667750 0.326487
3.676250 0.325173
3.684750 0.324826
3.693250 0.324125
3.701750 0.323275
3.710250 0.322256
3.718750 0.322038
3.727250 0.320956
3.735750 0.320430
3.744250 0.319749
3.752750 0.318889
3.761250 0.318551
3.769750 0.317759
3.778250 0.316682
3.786750 0.316628
3.795250 0.315377
3.803750 0.315290
3.812250 0.314291
3.820750 0.313880
3.829250 0.313151
3.837750 0.312450
3.846250 0.311793
3.854750 0.311503
3.863250 0.310576
3.871750 0.310161
3.880250 0.309397
3.888750 0.308943
3.897250 0.308224
3.905750 0.307639
3.914250 0.307359
3.922750 0.306557
3.931250 0.305837
3.939750 0.305717
3.948250 0.304635
3.956750 0.304669
3.965250 0.303644
3.973750 0.303529
3.982250 0.302577
3.990750 0.302191
3.999250 0.301679
4.007750 0.301229
4.016250 0.300882
4.024750 0.299973
4.033250 0.299693
4.041750 0.299104
4.050250 0.298606
4.058750 0.298177
4.067250 0.297737
4.075750 0.297201
4.084250 0.296641
4.092750 0.296022
4.101250 0.295650
4.109750 0.295109
4.118250 0.294916
4.126750 0.294327
4.135250 0.293795
4.143750 0.293515
4.152250 0.292733
4.160750 0.292520
4.169250 0.292134
4.177750 0.291564
4.186250 0.291144
4.194750 0.290675
4.203250 0.290308
4.211750 0.289757
4.220250 0.289376
4.228750 0.289062
4.237250 0.288400
4.245750 0.288033
4.254250 0.287820
4.262750 0.287057
4.271250 0.287057
4.279750 0.286188
4.288250 0.286130
4.296750 0.285473
4.305250 0.285458
4.313750 0.284478
4.322250 0.284627
4.330750 0.283961
4.339250 0.283608
4.347750 0.283053
4.356250 0.283203
4.364750 0.282072
4.373250 0.282251
4.381750 0.281724
4.390250 0.281304
4.398750 0.281010
4.407250 0.280415
4.415750 0.280551
4.424250 0.279618
4.432750 0.279300
4.441250 0.279082
4.449750 0.278792
4.458250 0.278198
4.466750 0.278044
4.475250 0.277778
4.483750 0.277160
4.492250 0.277131
4.500750 0.276401
4.509250 0.276305
4.517750 0.275909
4.526250 0.275358
4.534750 0.275305
4.543250 0.274764
4.551750 0.274445
4.560250 0.274373
4.568750 0.273629
4.577250 0.273556
4.585750 0.273242
4.594250 0.272957
4.602750 0.272566
4.611250 0.271943
4.619750 0.271972
4.628250 0.271470
4.636750 0.271045
4.645250 0.271045
4.653750 0.270673
4.662250 0.270151
4.670750 0.269914
4.679250 0.269591
4.687750 0.269489
4.696250 0.268948
4.704750 0.268634
4.713250 0.268349
4.721750 0.268219
4.730250 0.267654
4.738750 0.267427
4.747250 0.267282
4.755750 0.267045
4.764250 0.266330
4.772750 0.266277
4.781250 0.265968
4.789750 0.265693
4.798250 0.265354
4.806750 0.265103
4.815250 0.264958
4.823750 0.264398
4.832250 0.264384
4.840750 0.263857
4.849250 0.263673
4.857750 0.263393
4.866250 0.263012
4.874750 0.262809
4.883250 0.262625
4.891750 0.262287
4.900250 0.261988
4.908750 0.261616
4.917250 0.261558
4.925750 0.261157
4.934250 0.260911
4.942750 0.260432
4.951250 0.260321
4.959750 0.260191
4.968250 0.259742
4.976750 0.259336
4.985250 0.259423
4.993750 0.259089
5.002250 0.258780
5.010750 0.258350
5.019250 0.258167
5.027750 0.258119
5.036250 0.257505
5.044750 0.257491
5.053250 0.257317
5.061750 0.257104
5.070250 0.256467
5.078750 0.256307
5.087250 0.256259
5.095750 0.255979
5.104250 0.255752
5.112750 0.255544
5.121250 0.255158
5.129750 0.254824
5.138250 0.254665
5.146750 0.254554
5.155250 0.253989
5.163750 0.253931
5.172250 0.253655
5.180750 0.253544
5.189250 0.253192
5.197750 0.252940
5.206250 0.252834
5.214750 0.252477
5.223250 0.252361
5.231750 0.252037
5.240250 0.251733
5.248750 0.251583
5.257250 0.251255
5.265750 0.251211
5.274250 0.250743
5.282750 0.250733
5.291250 0.250593
5.299750 0.249893
5.308250 0.249897
5.316750 0.249873
5.325250 0.249453
5.333750 0.249429
5.342250 0.248864
5.350750 0.248811
5.359250 0.248699
5.367750 0.248221
5.376250 0.248245
5.384750 0.248023
5.393250 0.247656
5.401750 0.247342
5.410250 0.247680
5.418750 0.246825
5.427250 0.246951
5.435750 0.246458
5.444250 0.246540
5.452750 0.246033
5.461250 0.245864
5.469750 0.245961
5.478250 0.245647
5.486750 0.245120
5.495250 0.245236
5.503750 0.244854
5.512250 0.244724
5.520750 0.244579
5.529250 0.244429
5.537750 0.243821
5.546250 0.244120
5.554750 0.243405
5.563250 0.243420
5.571750 0.243425
5.580250 0.242971
5.588750 0.242898
5.597250 0.242579
5.605750 0.242594
5.614250 0.242154
5.622750 0.241927
5.631250 0.241889
5.639750 0.241734
5.648250 0.241488
5.656750 0.241024
5.665250 0.241343
5.673750 0.240768
5.682250 0.240565
5.690750 0.240541
5.699250 0.240213
5.707750 0.239990
5.716250 0.240145
5.724750 0.239449
5.733250 0.239454
5.741750 0.239483
5.750250 0.238952
5.758750 0.239063
5.767250 0.238599
5.775750 0.238580
5.784250 0.238420
5.792750 0.237952
5.801250 0.238097
5.809750 0.237725
5.818250 0.237551
5.826750 0.237377
5.835250 0.237179
5.843750 0.236996
5.852250 0.236880
5.860750 0.236706
5.869250 0.236575
5.877750 0.236256
5.886250 0.236025
5.894750 0.236025
5.903250 0.235856
5.911750 0.235406
5.920250 0.235261
5.928750 0.235257
5.937250 0.235184
5.945750 0.234643
5.954250 0.234841
5.962750 0.234600
5.971250 0.234179
5.979750 0.234146
5.988250 0.233764
5.996750 0.233817
6.005250 0.233682
6.013750 0.233494
6.022250 0.233213
6.030750 0.233097
6.039250 0.232740
6.047750 0.232866
6.056250 0.232532
6.064750 0.232325
6.073250 0.232291
6.081750 0.232122
6.090250 0.231846
6.098750 0.231605
6.107250 0.231508
6.115750 0.231489
6.124250 0.231281
6.132750 0.230895
6.141250 0.230779
6.149750 0.230644
6.158250 0.230523
6.166750 0.230533
6.175250 0.230025
6.183750 0.230098
6.192250 0.229803
6.200750 0.229851
6.209250 0.229407
6.217750 0.229257
6.226250 0.229170
6.234750 0.229132
6.243250 0.228881
6.251750 0.228692
6.260250 0.228509
6.268750 0.228398
6.277250 0.228291
6.285750 0.228026
6.294250 0.227900
6.302750 0.227726
6.311250 0.227489
6.319750 0.227552
6.328250 0.227175
6.336750 0.227185
6.345250 0.227055
6.353750 0.226639
6.362250 0.226736
6.370750 0.226296
6.379250 0.226277
6.387750 0.226369
6.396250 0.225949
6.404750 0.225794
6.413250 0.225751
6.421750 0.225359
6.430250 0.225470
6.438750 0.225258
6.447250 0.225007
6.455750 0.224857
6.464250 0.224963
6.472750 0.224499
6.481250 0.224413
6.489750 0.224485
6.498250 0.223929
6.506750 0.224128
6.515250 0.223843
6.523750 0.223698
6.532250 0.223500
6.540750 0.223446
6.549250 0.223161
6.557750 0.223166
6.566250 0.222934
6.574750 0.222857
6.583250 0.222611
6.591750 0.222601
6.600250 0.222340
6.608750 0.222229
6.617250 0.222036
6.625750 0.221925
6.634250 0.221925
6.642750 0.221384
6.651250 0.221635
6.659750 0.221321
6.668250 0.221181
6.676750 0.220993
6.685250 0.220988
6.693750 0.220848
6.702250 0.220365
6.710750 0.220635
6.719250 0.220297
6.727750 0.220336
6.736250 0.219872
6.744750 0.220007
6.753250 0.219746
6.761750 0.219645
6.770250 0.219693
6.778750 0.219152
6.787250 0.219220
6.795750 0.219152
6.804250 0.218814
6.812750 0.218679
6.821250 0.218809
6.829750 0.218379
6.838250 0.218437
6.846750 0.218254
6.855250 0.217983
6.863750 0.218046
6.872250 0.217766
6.880750 0.217592
6.889250 0.217660
6.897750 0.217365
6.906250 0.217312
6.914750 0.217153
6.923250 0.217051
6.931750 0.216800
6.940250 0.216592
6.948750 0.216810
6.957250 0.216298
6.965750 0.216312
6.974250 0.216317
6.982750 0.215950
6.991250 0.216104
6.999750 0.215757
7.008250 0.215554
7.016750 0.215534
7.025250 0.215317
7.033750 0.215288
7.042250 0.215172
7.050750 0.214945
7.059250 0.214974
7.067750 0.214752
7.076250 0.214448
7.084750 0.214472
7.093250 0.214312
7.101750 0.214288
7.110250 0.214143
7.118750 0.214076
7.127250 0.213728
7.135750 0.213612
7.144250 0.213515
7.152750 0.213438
7.161250 0.213341
7.169750 0.213279
7.178250 0.213090
7.186750 0.212907
7.195250 0.212723
7.203750 0.212607
7.212250 0.212675
7.220750 0.212390
7.229250 0.212351
7.237750 0.212008
7.246250 0.212250
7.254750 0.211878
7.263250 0.211781
7.271750 0.211704
7.280250 0.211520
7.288750 0.211264
7.297250 0.211332
7.305750 0.211090
7.314250 0.211168
7.322750 0.210907
7.331250 0.210738
7.339750 0.210820
7.348250 0.210670
7.356750 0.210255
7.365250 0.210245
7.373750 0.210153
7.382250 0.210086
7.390750 0.209941
7.399250 0.209810
7.407750 0.209723
7.416250 0.209661
7.424750 0.209516
7.433250 0.209298
7.441750 0.209182
7.450250 0.209042
7.458750 0.209009
7.467250 0.208868
7.475750 0.208651
7.484250 0.208844
7.492750 0.208337
7.501250 0.208323
7.509750 0.208342
7.518250 0.208091
7.526750 0.208241
7.535250 0.207709
7.543750 0.207873
7.552250 0.207593
7.560750 0.207627
7.569250 0.207477
7.577750 0.207294
7.586250 0.207178
7.594750 0.207105
7.603250 0.206859
7.611750 0.206999
7.620250 0.206671
7.628750 0.206685
7.637250 0.206453
7.645750 0.206434
7.654250 0.206294
7.662750 0.206081
7.671250 0.206154
7.679750 0.205854
7.688250 0.205840
7.696750 0.205695
7.705250 0.205632
7.713750 0.205439
7.722250 0.205357
7.730750 0.205410
7.739250 0.205009
7.747750 0.204961
7.756250 0.204975
7.764750 0.204830
7.773250 0.204743
7.781750 0.204478
7.790250 0.204405
7.798750 0.204483
7.807250 0.204236
7.815750 0.204130
7.824250 0.204053
7.832750 0.203888
7.841250 0.203642
7.849750 0.203821
7.858250 0.203618
7.866750 0.203357
7.875250 0.203314
7.883750 0.203285
7.892250 0.203101
7.900750 0.203029
7.909250 0.203067
7.917750 0.202744
7.926250 0.202715
7.934750 0.202594
7.943250 0.202463
7.951750 0.202251
7.960250 0.202488
7.968750 0.202009
7.977250 0.202053
7.985750 0.201980
7.994250 0.201937
8.002750 0.201792
8.011250 0.201464
8.019750 0.201541
8.028250 0.201396
8.036750 0.201217
8.045250 0.201275
8.053750 0.201010
8.062250 0.201005
8.070750 0.200995
8.079250 0.200705
8.087750 0.200599
8.096250 0.200691
8.104750 0.200299
8.113250 0.200420
8.121750 0.200251
8.130250 0.200237
8.138750 0.199903
8.147250 0.200014
8.155750 0.199758
8.164250 0.199715
8.172750 0.199657
8.181250 0.199527
8.189750 0.199401
8.198250 0.199372
8.206750 0.199155
8.215250 0.199029
8.223750 0.199179
8.232250 0.198686
8.240750 0.198942
8.249250 0.198604
8.257750 0.198570
8.266250 0.198594
8.274750 0.198367
8.283250 0.198218
8.291750 0.198140
8.300250 0.198039
8.308750 0.198010
8.317250 0.197884
8.325750 0.197913
8.334250 0.197585
8.342750 0.197556
8.351250 0.197425
8.359750 0.197382
8.368250 0.197281
8.376750 0.197160
8.385250 0.197116
8.393750 0.196957
8.402250 0.046342
8.410750 0.000000
8.419250 0.000000
8.427750 0.000000
8.436250 0.000000
8.444750 0.000000
8.453250 0.000000
8.461750 0.000000
8.470250 0.000000
8.478750 0.000000
8.487250 0.000000
8.495750 0.000000
