# E | DOS | Nbin = 2000 & k_point = 60000
-8.497875 0.000000
-8.493625 0.000000
-8.489375 0.000000
-8.485125 0.000000
-8.480875 0.000000
-8.476625 0.000000
-8.472375 0.000000
-8.468125 0.000000
-8.463875 0.000000
-8.459625 0.000000
-8.455375 0.000000
-8.451125 0.000000
-8.446875 0.000000
-8.442625 0.000000
-8.438375 0.000000
-8.434125 0.000000
-8.429875 0.000000
-8.425625 0.000000
-8.421375 0.000000
-8.417125 0.000000
-8.412875 0.000000
-8.408625 0.000000
-8.404375 0.000000
-8.400125 0.092663
-8.395875 0.196991
-8.391625 0.196919
-8.387375 0.197076
-8.383125 0.197095
-8.378875 0.197201
-8.374625 0.197177
-8.370375 0.197230
-8.366125 0.197276
-8.361875 0.197380
-8.357625 0.197407
-8.353375 0.197494
-8.349125 0.197491
-8.344875 0.197440
-8.340625 0.197696
-8.336375 0.197520
-8.332125 0.197870
-8.327875 0.197742
-8.323625 0.197706
-8.319375 0.197844
-8.315125 0.198020
-8.310875 0.197911
-8.306625 0.197899
-8.302375 0.198083
-8.298125 0.198112
-8.293875 0.198283
-8.289625 0.198092
-8.285375 0.198344
-8.281125 0.198286
-8.276875 0.198319
-8.272625 0.198438
-8.268375 0.198493
-8.264125 0.198474
-8.259875 0.198580
-8.255625 0.198554
-8.251375 0.198643
-8.247125 0.198788
-8.242875 0.198749
-8.238625 0.198778
-8.234375 0.198921
-8.230125 0.198996
-8.225875 0.198880
-8.221625 0.199066
-8.217375 0.199085
-8.213125 0.199138
-8.208875 0.199201
-8.204625 0.199257
-8.200375 0.199220
-8.196125 0.199307
-8.191875 0.199339
-8.187625 0.199486
-8.183375 0.199520
-8.179125 0.199556
-8.174875 0.199599
-8.170625 0.199583
-8.166375 0.199761
-8.162125 0.199718
-8.157875 0.199761
-8.153625 0.199928
-8.149375 0.199872
-8.145125 0.199916
-8.140875 0.200126
-8.136625 0.200034
-8.132375 0.200020
-8.128125 0.200196
-8.123875 0.200341
-8.119625 0.200232
-8.115375 0.200237
-8.111125 0.200401
-8.106875 0.200348
-8.102625 0.200614
-8.098375 0.200425
-8.094125 0.200549
-8.089875 0.200698
-8.085625 0.200778
-8.081375 0.200725
-8.077125 0.200776
-8.072875 0.200913
-8.068625 0.200805
-8.064375 0.201024
-8.060125 0.200976
-8.055875 0.201065
-8.051625 0.201027
-8.047375 0.201254
-8.043125 0.201193
-8.038875 0.201302
-8.034625 0.201375
-8.030375 0.201348
-8.026125 0.201466
-8.021875 0.201471
-8.017625 0.201517
-8.013375 0.201628
-8.009125 0.201628
-8.004875 0.201720
-8.000625 0.201756
-7.996375 0.201804
-7.992125 0.201872
-7.987875 0.201935
-7.983625 0.201945
-7.979375 0.202048
-7.975125 0.201983
-7.970875 0.202205
-7.966625 0.202138
-7.962375 0.202256
-7.958125 0.202300
-7.953875 0.202442
-7.949625 0.202316
-7.945375 0.202452
-7.941125 0.202531
-7.936875 0.202662
-7.932625 0.202565
-7.928375 0.202647
-7.924125 0.202756
-7.919875 0.202749
-7.915625 0.202899
-7.911375 0.202828
-7.907125 0.202952
-7.902875 0.203010
-7.898625 0.203082
-7.894375 0.203014
-7.890125 0.203331
-7.885875 0.203155
-7.881625 0.203275
-7.877375 0.203328
-7.873125 0.203365
-7.868875 0.203459
-7.864625 0.203488
-7.860375 0.203592
-7.856125 0.203572
-7.851875 0.203705
-7.847625 0.203662
-7.843375 0.203804
-7.839125 0.203807
-7.834875 0.203850
-7.830625 0.203993
-7.826375 0.204000
-7.822125 0.204092
-7.817875 0.204046
-7.813625 0.204179
-7.809375 0.204174
-7.805125 0.204217
-7.800875 0.204447
-7.796625 0.204374
-7.792375 0.204403
-7.788125 0.204509
-7.783875 0.204483
-7.779625 0.204695
-7.775375 0.204666
-7.771125 0.204616
-7.766875 0.204869
-7.762625 0.204835
-7.758375 0.204884
-7.754125 0.204910
-7.749875 0.205065
-7.745625 0.204995
-7.741375 0.205164
-7.737125 0.205065
-7.732875 0.205248
-7.728625 0.205297
-7.724375 0.205442
-7.720125 0.205294
-7.715875 0.205514
-7.711625 0.205459
-7.707375 0.205560
-7.703125 0.205632
-7.698875 0.205673
-7.694625 0.205789
-7.690375 0.205850
-7.686125 0.205804
-7.681875 0.205785
-7.677625 0.206065
-7.673375 0.206014
-7.669125 0.206099
-7.664875 0.205968
-7.660625 0.206280
-7.656375 0.206367
-7.652125 0.206260
-7.647875 0.206417
-7.643625 0.206333
-7.639375 0.206623
-7.635125 0.206384
-7.630875 0.206630
-7.626625 0.206671
-7.622375 0.206649
-7.618125 0.206811
-7.613875 0.206874
-7.609625 0.206787
-7.605375 0.206958
-7.601125 0.207098
-7.596875 0.207062
-7.592625 0.207096
-7.588375 0.207164
-7.584125 0.207207
-7.579875 0.207289
-7.575625 0.207328
-7.571375 0.207391
-7.567125 0.207523
-7.562875 0.207567
-7.558625 0.207574
-7.554375 0.207714
-7.550125 0.207688
-7.545875 0.207719
-7.541625 0.207799
-7.537375 0.207968
-7.533125 0.207888
-7.528875 0.208038
-7.524625 0.207975
-7.520375 0.208168
-7.516125 0.208163
-7.511875 0.208277
-7.507625 0.208236
-7.503375 0.208427
-7.499125 0.208340
-7.494875 0.208511
-7.490625 0.208475
-7.486375 0.208666
-7.482125 0.208646
-7.477875 0.208724
-7.473625 0.208731
-7.469375 0.208912
-7.465125 0.208770
-7.460875 0.208956
-7.456625 0.209059
-7.452375 0.209023
-7.448125 0.209040
-7.443875 0.209284
-7.439625 0.209383
-7.435375 0.209250
-7.431125 0.209330
-7.426875 0.209320
-7.422625 0.209523
-7.418375 0.209654
-7.414125 0.209617
-7.409875 0.209673
-7.405625 0.209767
-7.401375 0.209719
-7.397125 0.209876
-7.392875 0.209984
-7.388625 0.209902
-7.384375 0.210030
-7.380125 0.210105
-7.375875 0.210088
-7.371625 0.210289
-7.367375 0.210257
-7.363125 0.210233
-7.358875 0.210608
-7.354625 0.210426
-7.350375 0.210513
-7.346125 0.210552
-7.341875 0.210697
-7.337625 0.210673
-7.333375 0.210810
-7.329125 0.210736
-7.324875 0.210895
-7.320625 0.211001
-7.316375 0.211023
-7.312125 0.210999
-7.307875 0.211185
-7.303625 0.211204
-7.299375 0.211279
-7.295125 0.211380
-7.290875 0.211402
-7.286625 0.211419
-7.282375 0.211499
-7.278125 0.211429
-7.273875 0.211805
-7.269625 0.211634
-7.265375 0.211871
-7.261125 0.211750
-7.256875 0.211904
-7.252625 0.212032
-7.248375 0.211885
-7.244125 0.212059
-7.239875 0.212214
-7.235625 0.212177
-7.231375 0.212293
-7.227125 0.212339
-7.222875 0.212390
-7.218625 0.212429
-7.214375 0.212590
-7.210125 0.212549
-7.205875 0.212564
-7.201625 0.212805
-7.197375 0.212685
-7.193125 0.212902
-7.188875 0.212986
-7.184625 0.212866
-7.180375 0.212960
-7.176125 0.213047
-7.171875 0.213257
-7.167625 0.213112
-7.163375 0.213332
-7.159125 0.213242
-7.154875 0.213515
-7.150625 0.213445
-7.146375 0.213564
-7.142125 0.213624
-7.137875 0.213675
-7.133625 0.213728
-7.129375 0.213800
-7.125125 0.213969
-7.120875 0.213931
-7.116625 0.213936
-7.112375 0.213989
-7.108125 0.214153
-7.103875 0.214187
-7.099625 0.214223
-7.095375 0.214320
-7.091125 0.214308
-7.086875 0.214522
-7.082625 0.214520
-7.078375 0.214602
-7.074125 0.214450
-7.069875 0.214875
-7.065625 0.214786
-7.061375 0.214781
-7.057125 0.214853
-7.052875 0.215049
-7.048625 0.214962
-7.044375 0.215126
-7.040125 0.215213
-7.035875 0.215167
-7.031625 0.215382
-7.027375 0.215237
-7.023125 0.215515
-7.018875 0.215460
-7.014625 0.215561
-7.010375 0.215592
-7.006125 0.215679
-7.001875 0.215795
-6.997625 0.215807
-6.993375 0.215935
-6.989125 0.215998
-6.984875 0.215969
-6.980625 0.216138
-6.976375 0.216131
-6.972125 0.216126
-6.967875 0.216471
-6.963625 0.216264
-6.959375 0.216445
-6.955125 0.216558
-6.950875 0.216467
-6.946625 0.216742
-6.942375 0.216508
-6.938125 0.216882
-6.933875 0.216853
-6.929625 0.216855
-6.925375 0.216930
-6.921125 0.217107
-6.916875 0.217017
-6.912625 0.217235
-6.908375 0.217331
-6.904125 0.217157
-6.899875 0.217423
-6.895625 0.217515
-6.891375 0.217520
-6.887125 0.217549
-6.882875 0.217546
-6.878625 0.217807
-6.874375 0.217807
-6.870125 0.217841
-6.865875 0.217918
-6.861625 0.217904
-6.857375 0.218138
-6.853125 0.218075
-6.848875 0.218208
-6.844625 0.218193
-6.840375 0.218447
-6.836125 0.218404
-6.831875 0.218435
-6.827625 0.218565
-6.823375 0.218645
-6.819125 0.218577
-6.814875 0.218903
-6.810625 0.218821
-6.806375 0.218896
-6.802125 0.218826
-6.797875 0.219092
-6.793625 0.219123
-6.789375 0.219089
-6.785125 0.219251
-6.780875 0.219295
-6.776625 0.219350
-6.772375 0.219517
-6.768125 0.219626
-6.763875 0.219505
-6.759625 0.219775
-6.755375 0.219674
-6.751125 0.219681
-6.746875 0.219927
-6.742625 0.219930
-6.738375 0.220101
-6.734125 0.219976
-6.729875 0.220285
-6.725625 0.220159
-6.721375 0.220360
-6.717125 0.220309
-6.712875 0.220478
-6.708625 0.220423
-6.704375 0.220640
-6.700125 0.220741
-6.695875 0.220669
-6.691625 0.220768
-6.687375 0.220925
-6.683125 0.220937
-6.678875 0.221111
-6.674625 0.220949
-6.670375 0.221193
-6.666125 0.221282
-6.661875 0.221294
-6.657625 0.221381
-6.653375 0.221401
-6.649125 0.221555
-6.644875 0.221599
-6.640625 0.221671
-6.636375 0.221809
-6.632125 0.221867
-6.627875 0.221630
-6.623625 0.222033
-6.619375 0.222176
-6.615125 0.222012
-6.610875 0.222273
-6.606625 0.222229
-6.602375 0.222265
-6.598125 0.222331
-6.593875 0.222654
-6.589625 0.222444
-6.585375 0.222695
-6.581125 0.222589
-6.576875 0.222896
-6.572625 0.222809
-6.568375 0.222954
-6.564125 0.222879
-6.559875 0.223147
-6.555625 0.223115
-6.551375 0.223248
-6.547125 0.223198
-6.542875 0.223400
-6.538625 0.223483
-6.534375 0.223492
-6.530125 0.223601
-6.525875 0.223615
-6.521625 0.223891
-6.517375 0.223712
-6.513125 0.224038
-6.508875 0.223886
-6.504625 0.224074
-6.500375 0.224193
-6.496125 0.224038
-6.491875 0.224287
-6.487625 0.224437
-6.483375 0.224366
-6.479125 0.224519
-6.474875 0.224664
-6.470625 0.224642
-6.466375 0.224608
-6.462125 0.224804
-6.457875 0.225002
-6.453625 0.224941
-6.449375 0.224946
-6.445125 0.225120
-6.440875 0.225287
-6.436625 0.225255
-6.432375 0.225224
-6.428125 0.225480
-6.423875 0.225504
-6.419625 0.225601
-6.415375 0.225555
-6.411125 0.225820
-6.406875 0.225799
-6.402625 0.225733
-6.398375 0.226163
-6.394125 0.225907
-6.389875 0.226178
-6.385625 0.226291
-6.381375 0.226265
-6.377125 0.226187
-6.372875 0.226576
-6.368625 0.226393
-6.364375 0.226658
-6.360125 0.226639
-6.355875 0.226856
-6.351625 0.226815
-6.347375 0.226762
-6.343125 0.227047
-6.338875 0.227047
-6.334625 0.227170
-6.330375 0.227219
-6.326125 0.227337
-6.321875 0.227274
-6.317625 0.227499
-6.313375 0.227581
-6.309125 0.227666
-6.304875 0.227641
-6.300625 0.227851
-6.296375 0.227801
-6.292125 0.227931
-6.287875 0.228076
-6.283625 0.227984
-6.279375 0.228359
-6.275125 0.228158
-6.270875 0.228371
-6.266625 0.228431
-6.262375 0.228383
-6.258125 0.228687
-6.253875 0.228574
-6.249625 0.228810
-6.245375 0.228921
-6.241125 0.228786
-6.236875 0.229008
-6.232625 0.229129
-6.228375 0.229168
-6.224125 0.229035
-6.219875 0.229395
-6.215625 0.229407
-6.211375 0.229482
-6.207125 0.229593
-6.202875 0.229701
-6.198625 0.229740
-6.194375 0.229680
-6.190125 0.229996
-6.185875 0.230035
-6.181625 0.229950
-6.177375 0.230124
-6.173125 0.230293
-6.168875 0.230312
-6.164625 0.230428
-6.160375 0.230433
-6.156125 0.230578
-6.151875 0.230583
-6.147625 0.230909
-6.143375 0.230682
-6.139125 0.230981
-6.134875 0.230962
-6.130625 0.231008
-6.126375 0.231061
-6.122125 0.231426
-6.117875 0.231327
-6.113625 0.231423
-6.109375 0.231358
-6.105125 0.231607
-6.100875 0.231730
-6.096625 0.231713
-6.092375 0.231733
-6.088125 0.231952
-6.083875 0.231967
-6.079625 0.232136
-6.075375 0.232228
-6.071125 0.232223
-6.066875 0.232254
-6.062625 0.232525
-6.058375 0.232542
-6.054125 0.232597
-6.049875 0.232682
-6.045625 0.232841
-6.041375 0.232819
-6.037125 0.232899
-6.032875 0.233003
-6.028625 0.233153
-6.024375 0.233360
-6.020125 0.233218
-6.015875 0.233269
-6.011625 0.233515
-6.007375 0.233558
-6.003125 0.233648
-5.998875 0.233771
-5.994625 0.233860
-5.990375 0.233858
-5.986125 0.234099
-5.981875 0.234041
-5.977625 0.234239
-5.973375 0.234273
-5.969125 0.234247
-5.964875 0.234440
-5.960625 0.234582
-5.956375 0.234693
-5.952125 0.234611
-5.947875 0.234843
-5.943625 0.234988
-5.939375 0.234867
-5.935125 0.234962
-5.930875 0.235297
-5.926625 0.235254
-5.922375 0.235372
-5.918125 0.235290
-5.913875 0.235565
-5.909625 0.235592
-5.905375 0.235817
-5.901125 0.235652
-5.896875 0.236080
-5.892625 0.235824
-5.888375 0.236102
-5.884125 0.236121
-5.879875 0.236348
-5.875625 0.236164
-5.871375 0.236536
-5.867125 0.236531
-5.862875 0.236587
-5.858625 0.236647
-5.854375 0.236915
-5.850125 0.236879
-5.845875 0.236954
-5.841625 0.237092
-5.837375 0.237176
-5.833125 0.237227
-5.828875 0.237382
-5.824625 0.237389
-5.820375 0.237729
-5.816125 0.237345
-5.811875 0.237954
-5.807625 0.237860
-5.803375 0.237816
-5.799125 0.238024
-5.794875 0.238116
-5.790625 0.238169
-5.786375 0.238357
-5.782125 0.238476
-5.777875 0.238348
-5.773625 0.238676
-5.769375 0.238703
-5.765125 0.238623
-5.760875 0.239033
-5.756625 0.238814
-5.752375 0.239116
-5.748125 0.239190
-5.743875 0.239089
-5.739625 0.239471
-5.735375 0.239328
-5.731125 0.239681
-5.726875 0.239456
-5.722625 0.239910
-5.718375 0.239724
-5.714125 0.240086
-5.709875 0.239893
-5.705625 0.240103
-5.701375 0.240355
-5.697125 0.240089
-5.692875 0.240550
-5.688625 0.240454
-5.684375 0.240719
-5.680125 0.240504
-5.675875 0.241019
-5.671625 0.240799
-5.667375 0.240973
-5.663125 0.241154
-5.658875 0.241241
-5.654625 0.241209
-5.650375 0.241478
-5.646125 0.241451
-5.641875 0.241620
-5.637625 0.241690
-5.633375 0.241847
-5.629125 0.241849
-5.624875 0.241907
-5.620625 0.242171
-5.616375 0.242144
-5.612125 0.242400
-5.607875 0.242265
-5.603625 0.242632
-5.599375 0.242555
-5.595125 0.242758
-5.590875 0.242741
-5.586625 0.242784
-5.582375 0.243122
-5.578125 0.243101
-5.573875 0.243262
-5.569625 0.243120
-5.565375 0.243542
-5.561125 0.243598
-5.556875 0.243545
-5.552625 0.243702
-5.548375 0.243912
-5.544125 0.243881
-5.539875 0.244158
-5.535625 0.244088
-5.531375 0.244088
-5.527125 0.244455
-5.522875 0.244339
-5.518625 0.244632
-5.514375 0.244726
-5.510125 0.244663
-5.505875 0.244827
-5.501625 0.245064
-5.497375 0.245107
-5.493125 0.245054
-5.488875 0.245434
-5.484625 0.245356
-5.480375 0.245397
-5.476125 0.245692
-5.471875 0.245648
-5.467625 0.245904
-5.463375 0.245936
-5.459125 0.246083
-5.454875 0.246139
-5.450625 0.246069
-5.446375 0.246397
-5.442125 0.246392
-5.437875 0.246687
-5.433625 0.246711
-5.429375 0.246907
-5.425125 0.246781
-5.420875 0.246938
-5.416625 0.247218
-5.412375 0.247259
-5.408125 0.247182
-5.403875 0.247462
-5.399625 0.247525
-5.395375 0.247721
-5.391125 0.247774
-5.386875 0.247805
-5.382625 0.248151
-5.378375 0.248013
-5.374125 0.248160
-5.369875 0.248346
-5.365625 0.248423
-5.361375 0.248474
-5.357125 0.248880
-5.352875 0.248595
-5.348625 0.248892
-5.344375 0.248916
-5.340125 0.249220
-5.335875 0.249235
-5.331625 0.249278
-5.327375 0.249373
-5.323125 0.249578
-5.318875 0.249672
-5.314625 0.249846
-5.310375 0.250003
-5.306125 0.250003
-5.301875 0.249938
-5.297625 0.250230
-5.293375 0.250510
-5.289125 0.250375
-5.284875 0.250669
-5.280625 0.250735
-5.276375 0.250696
-5.272125 0.250957
-5.267875 0.251087
-5.263625 0.251104
-5.259375 0.251329
-5.255125 0.251396
-5.250875 0.251370
-5.246625 0.251674
-5.242375 0.251783
-5.238125 0.251679
-5.233875 0.251971
-5.229625 0.252300
-5.225375 0.252189
-5.221125 0.252411
-5.216875 0.252401
-5.212625 0.252568
-5.208375 0.252650
-5.204125 0.252889
-5.199875 0.252845
-5.195625 0.253017
-5.191375 0.253237
-5.187125 0.253365
-5.182875 0.253326
-5.178625 0.253481
-5.174375 0.253826
-5.170125 0.253655
-5.165875 0.253809
-5.161625 0.253988
-5.157375 0.254254
-5.153125 0.254138
-5.148875 0.254360
-5.144625 0.254572
-5.140375 0.254642
-5.136125 0.254524
-5.131875 0.255130
-5.127625 0.255026
-5.123375 0.255050
-5.119125 0.255065
-5.114875 0.255534
-5.110625 0.255543
-5.106375 0.255591
-5.102125 0.255662
-5.097875 0.255934
-5.093625 0.256108
-5.089375 0.256004
-5.085125 0.256200
-5.080875 0.256352
-5.076625 0.256430
-5.072375 0.256707
-5.068125 0.256770
-5.063875 0.256879
-5.059625 0.256963
-5.055375 0.257091
-5.051125 0.257255
-5.046875 0.257364
-5.042625 0.257509
-5.038375 0.257765
-5.034125 0.257751
-5.029875 0.257780
-5.025625 0.258089
-5.021375 0.258089
-5.017125 0.258391
-5.012875 0.258485
-5.008625 0.258403
-5.004375 0.258820
-5.000125 0.258845
-4.995875 0.258823
-4.991625 0.259019
-4.987375 0.259381
-4.983125 0.259318
-4.978875 0.259403
-4.974625 0.259531
-4.970375 0.259854
-4.966125 0.259929
-4.961875 0.259977
-4.957625 0.260117
-4.953375 0.260250
-4.949125 0.260482
-4.944875 0.260499
-4.940625 0.260576
-4.936375 0.260972
-4.932125 0.260861
-4.927875 0.261156
-4.923625 0.261151
-4.919375 0.261383
-4.915125 0.261511
-4.910875 0.261521
-4.906625 0.261752
-4.902375 0.262033
-4.898125 0.262110
-4.893875 0.261994
-4.889625 0.262433
-4.885375 0.262593
-4.881125 0.262607
-4.876875 0.262566
-4.872625 0.262895
-4.868375 0.263105
-4.864125 0.263259
-4.859875 0.263146
-4.855625 0.263511
-4.851375 0.263699
-4.847125 0.263742
-4.842875 0.263677
-4.838625 0.264056
-4.834375 0.264168
-4.830125 0.264373
-4.825875 0.264404
-4.821625 0.264641
-4.817375 0.264798
-4.813125 0.264870
-4.808875 0.264986
-4.804625 0.265199
-4.800375 0.265382
-4.796125 0.265317
-4.791875 0.265708
-4.787625 0.265701
-4.783375 0.265928
-4.779125 0.265865
-4.774875 0.266336
-4.770625 0.266389
-4.766375 0.266498
-4.762125 0.266759
-4.757875 0.266793
-4.753625 0.266839
-4.749375 0.267143
-4.745125 0.267353
-4.740875 0.267281
-4.736625 0.267508
-4.732375 0.267650
-4.728125 0.267855
-4.723875 0.268000
-4.719625 0.268237
-4.715375 0.268399
-4.711125 0.268418
-4.706875 0.268611
-4.702625 0.268778
-4.698375 0.268896
-4.694125 0.269097
-4.689875 0.269220
-4.685625 0.269198
-4.681375 0.269749
-4.677125 0.269688
-4.672875 0.269788
-4.668625 0.270101
-4.664375 0.270239
-4.660125 0.270273
-4.655875 0.270500
-4.651625 0.270746
-4.647375 0.270751
-4.643125 0.270949
-4.638875 0.271159
-4.634625 0.271256
-4.630375 0.271567
-4.626125 0.271449
-4.621875 0.271843
-4.617625 0.272021
-4.613375 0.272031
-4.609125 0.272316
-4.604875 0.272466
-4.600625 0.272480
-4.596375 0.272799
-4.592125 0.272862
-4.587875 0.273200
-4.583625 0.273234
-4.579375 0.273294
-4.575125 0.273719
-4.570875 0.273862
-4.566625 0.273821
-4.562375 0.274045
-4.558125 0.274115
-4.553875 0.274591
-4.549625 0.274596
-4.545375 0.274659
-4.541125 0.275103
-4.536875 0.275110
-4.532625 0.275241
-4.528375 0.275511
-4.524125 0.275538
-4.519875 0.275806
-4.515625 0.275849
-4.511375 0.276217
-4.507125 0.276303
-4.502875 0.276494
-4.498625 0.276748
-4.494375 0.276784
-4.490125 0.277134
-4.485875 0.277202
-4.481625 0.277267
-4.477375 0.277608
-4.473125 0.277736
-4.468875 0.277900
-4.464625 0.277897
-4.460375 0.278480
-4.456125 0.278434
-4.451875 0.278632
-4.447625 0.278832
-4.443375 0.278924
-4.439125 0.279322
-4.434875 0.279226
-4.430625 0.279588
-4.426375 0.279651
-4.422125 0.279955
-4.417875 0.280144
-4.413625 0.279970
-4.409375 0.280682
-4.405125 0.280706
-4.400875 0.280800
-4.396625 0.280984
-4.392375 0.281264
-4.388125 0.281455
-4.383875 0.281713
-4.379625 0.281677
-4.375375 0.282027
-4.371125 0.282177
-4.366875 0.282259
-4.362625 0.282648
-4.358375 0.282670
-4.354125 0.282839
-4.349875 0.283194
-4.345625 0.283278
-4.341375 0.283496
-4.337125 0.283889
-4.332875 0.283713
-4.328625 0.284259
-4.324375 0.284288
-4.320125 0.284599
-4.315875 0.284640
-4.311625 0.284964
-4.307375 0.285150
-4.303125 0.285264
-4.298875 0.285491
-4.294625 0.285739
-4.290375 0.285920
-4.286125 0.286145
-4.281875 0.286372
-4.277625 0.286582
-4.273375 0.286783
-4.269125 0.286807
-4.264875 0.287246
-4.260625 0.287273
-4.256375 0.287720
-4.252125 0.287628
-4.247875 0.288070
-4.243625 0.288094
-4.239375 0.288517
-4.235125 0.288637
-4.230875 0.288915
-4.226625 0.288949
-4.222375 0.289246
-4.218125 0.289468
-4.213875 0.289710
-4.209625 0.290012
-4.205375 0.290074
-4.201125 0.290442
-4.196875 0.290345
-4.192625 0.290985
-4.188375 0.290905
-4.184125 0.291309
-4.179875 0.291333
-4.175625 0.291777
-4.171375 0.291748
-4.167125 0.292282
-4.162875 0.292238
-4.158625 0.292765
-4.154375 0.292584
-4.150125 0.293238
-4.145875 0.293142
-4.141625 0.293480
-4.137375 0.293767
-4.133125 0.293820
-4.128875 0.294373
-4.124625 0.294349
-4.120375 0.294820
-4.116125 0.294668
-4.111875 0.295240
-4.107625 0.295291
-4.103375 0.295644
-4.099125 0.295851
-4.094875 0.295948
-4.090625 0.296281
-4.086375 0.296598
-4.082125 0.296907
-4.077875 0.297028
-4.073625 0.297288
-4.069375 0.297530
-4.065125 0.297759
-4.060875 0.298078
-4.056625 0.298172
-4.052375 0.298452
-4.048125 0.298836
-4.043875 0.299112
-4.039625 0.299061
-4.035375 0.299660
-4.031125 0.299742
-4.026875 0.299897
-4.022625 0.300399
-4.018375 0.300544
-4.014125 0.300781
-4.009875 0.300865
-4.005625 0.301561
-4.001375 0.301418
-3.997125 0.302087
-3.992875 0.301979
-3.988625 0.302251
-3.984375 0.302575
-3.980125 0.302976
-3.975875 0.303256
-3.971625 0.303273
-3.967375 0.303710
-3.963125 0.304065
-3.958875 0.304261
-3.954625 0.304456
-3.950375 0.304693
-3.946125 0.305280
-3.941875 0.305193
-3.937625 0.305625
-3.933375 0.305881
-3.929125 0.306229
-3.924875 0.306478
-3.920625 0.306681
-3.916375 0.307118
-3.912125 0.307350
-3.907875 0.307376
-3.903625 0.308086
-3.899375 0.308171
-3.895125 0.308345
-3.890875 0.308821
-3.886625 0.308953
-3.882375 0.309444
-3.878125 0.309671
-3.873875 0.309948
-3.869625 0.310204
-3.865375 0.310485
-3.861125 0.310837
-3.856875 0.311057
-3.852625 0.311605
-3.848375 0.311581
-3.844125 0.312045
-3.839875 0.312426
-3.835625 0.312796
-3.831375 0.312803
-3.827125 0.313458
-3.822875 0.313542
-3.818625 0.314003
-3.814375 0.314177
-3.810125 0.314426
-3.805875 0.315131
-3.801625 0.315073
-3.797375 0.315544
-3.793125 0.315868
-3.788875 0.316073
-3.784625 0.316633
-3.780375 0.316718
-3.776125 0.317054
-3.771875 0.317587
-3.767625 0.317887
-3.763375 0.318015
-3.759125 0.318698
-3.754875 0.318807
-3.750625 0.319254
-3.746375 0.319563
-3.742125 0.319819
-3.737875 0.320237
-3.733625 0.320686
-3.729375 0.320672
-3.725125 0.321575
-3.720875 0.321594
-3.716625 0.321901
-3.712375 0.322369
-3.708125 0.322717
-3.703875 0.323171
-3.699625 0.323437
-3.695375 0.323688
-3.691125 0.324384
-3.686875 0.324379
-3.682625 0.324903
-3.678375 0.325444
-3.674125 0.325763
-3.669875 0.326009
-3.665625 0.326417
-3.661375 0.326680
-3.657125 0.327417
-3.652875 0.327567
-3.648625 0.327960
-3.644375 0.328477
-3.640125 0.328704
-3.635875 0.329035
-3.631625 0.329752
-3.627375 0.329950
-3.623125 0.330260
-3.618875 0.330825
-3.614625 0.331284
-3.610375 0.331559
-3.606125 0.332129
-3.601875 0.332404
-3.597625 0.332834
-3.593375 0.333303
-3.589125 0.333752
-3.584875 0.333993
-3.580625 0.334747
-3.576375 0.334952
-3.572125 0.335467
-3.567875 0.335962
-3.563625 0.336266
-3.559375 0.336643
-3.555125 0.337428
-3.550875 0.337517
-3.546625 0.337985
-3.542375 0.338918
-3.538125 0.338865
-3.533875 0.339406
-3.529625 0.340089
-3.525375 0.340490
-3.521125 0.340835
-3.516875 0.341316
-3.512625 0.342053
-3.508375 0.342115
-3.504125 0.342936
-3.499875 0.343378
-3.495625 0.343642
-3.491375 0.344535
-3.487125 0.344832
-3.482875 0.345074
-3.478625 0.345951
-3.474375 0.346134
-3.470125 0.346907
-3.465875 0.347494
-3.461625 0.347817
-3.457375 0.348404
-3.453125 0.348979
-3.448875 0.349508
-3.444625 0.349882
-3.440375 0.350609
-3.436125 0.351225
-3.431875 0.351558
-3.427625 0.352107
-3.423375 0.352877
-3.419125 0.353259
-3.414875 0.353858
-3.410625 0.354565
-3.406375 0.354918
-3.402125 0.355611
-3.397875 0.356430
-3.393625 0.356678
-3.389375 0.357261
-3.385125 0.358222
-3.380875 0.358596
-3.376625 0.359125
-3.372375 0.359794
-3.368125 0.360557
-3.363875 0.361074
-3.359625 0.361704
-3.355375 0.362354
-3.351125 0.363081
-3.346875 0.363475
-3.342625 0.364445
-3.338375 0.364943
-3.334125 0.365692
-3.329875 0.366392
-3.325625 0.366962
-3.321375 0.367646
-3.317125 0.368327
-3.312875 0.369066
-3.308625 0.369626
-3.304375 0.370556
-3.300125 0.371343
-3.295875 0.371940
-3.291625 0.372507
-3.287375 0.373589
-3.283125 0.374215
-3.278875 0.374850
-3.274625 0.375690
-3.270375 0.376596
-3.266125 0.377103
-3.261875 0.378006
-3.257625 0.379038
-3.253375 0.379615
-3.249125 0.380450
-3.244875 0.381281
-3.240625 0.382240
-3.236375 0.382769
-3.232125 0.383626
-3.227875 0.384962
-3.223625 0.385529
-3.219375 0.386295
-3.215125 0.387389
-3.210875 0.388292
-3.206625 0.388908
-3.202375 0.390203
-3.198125 0.391050
-3.193875 0.391874
-3.189625 0.392661
-3.185375 0.394207
-3.181125 0.394610
-3.176875 0.395917
-3.172625 0.396839
-3.168375 0.397958
-3.164125 0.398752
-3.159875 0.399798
-3.155625 0.401162
-3.151375 0.402051
-3.147125 0.403177
-3.142875 0.404324
-3.138625 0.405415
-3.134375 0.406536
-3.130125 0.407517
-3.125875 0.408925
-3.121625 0.410147
-3.117375 0.411026
-3.113125 0.412704
-3.108875 0.413743
-3.104625 0.414890
-3.100375 0.416206
-3.096125 0.417716
-3.091875 0.418802
-3.087625 0.420107
-3.083375 0.421797
-3.079125 0.423082
-3.074875 0.424101
-3.070625 0.425898
-3.066375 0.427531
-3.062125 0.428704
-3.057875 0.430129
-3.053625 0.432093
-3.049375 0.433378
-3.045125 0.434853
-3.040875 0.436679
-3.036625 0.438587
-3.032375 0.440043
-3.028125 0.441628
-3.023875 0.443681
-3.019625 0.445359
-3.015375 0.447098
-3.011125 0.449030
-3.006875 0.451204
-3.002625 0.453051
-2.998375 0.454872
-2.994125 0.457140
-2.989875 0.459398
-2.985625 0.461292
-2.981375 0.463465
-2.977125 0.465955
-2.972875 0.468286
-2.968625 0.470522
-2.964375 0.473169
-2.960125 0.475828
-2.955875 0.478299
-2.951625 0.480719
-2.947375 0.483994
-2.943125 0.486665
-2.938875 0.489536
-2.934625 0.492425
-2.930375 0.496115
-2.926125 0.499107
-2.921875 0.502353
-2.917625 0.505995
-2.913375 0.509828
-2.909125 0.513494
-2.904875 0.517240
-2.900625 0.521942
-2.896375 0.525966
-2.892125 0.530494
-2.887875 0.535281
-2.883625 0.540519
-2.879375 0.545395
-2.875125 0.551131
-2.870875 0.557512
-2.866625 0.563576
-2.862375 0.570160
-2.858125 0.577285
-2.853875 0.586008
-2.849625 0.594017
-2.845375 0.603001
-2.841125 0.613772
-2.836875 0.625164
-2.832625 0.637752
-2.828375 0.652131
-2.824125 0.670535
-2.819875 0.690430
-2.815625 0.715881
-2.811375 0.749898
-2.807125 0.802897
-2.802875 0.910143
-2.798625 1.013094
-2.794375 0.827708
-2.790125 0.762355
-2.785875 0.722935
-2.781625 0.694241
-2.777375 0.671022
-2.773125 0.651385
-2.768875 0.635066
-2.764625 0.621418
-2.760375 0.607662
-2.756125 0.596444
-2.751875 0.586102
-2.747625 0.576821
-2.743375 0.567438
-2.739125 0.559335
-2.734875 0.551820
-2.730625 0.544301
-2.726375 0.537411
-2.722125 0.531168
-2.717875 0.525188
-2.713625 0.518991
-2.709375 0.513357
-2.705125 0.508278
-2.700875 0.503247
-2.696625 0.497977
-2.692375 0.493410
-2.688125 0.489181
-2.683875 0.484269
-2.679625 0.480209
-2.675375 0.476190
-2.671125 0.472346
-2.666875 0.468160
-2.662625 0.464441
-2.658375 0.461139
-2.654125 0.457439
-2.649875 0.453696
-2.645625 0.450728
-2.641375 0.447489
-2.637125 0.443893
-2.632875 0.441000
-2.628625 0.438172
-2.624375 0.435005
-2.620125 0.432001
-2.615875 0.429284
-2.611625 0.426579
-2.607375 0.423659
-2.603125 0.421058
-2.598875 0.418411
-2.594625 0.416085
-2.590375 0.413199
-2.586125 0.410830
-2.581875 0.408640
-2.577625 0.405911
-2.573375 0.403549
-2.569125 0.401450
-2.564875 0.399334
-2.560625 0.396716
-2.556375 0.394528
-2.552125 0.392838
-2.547875 0.390386
-2.543625 0.388150
-2.539375 0.386155
-2.535125 0.384310
-2.530875 0.382100
-2.526625 0.380158
-2.522375 0.378245
-2.518125 0.376311
-2.513875 0.374357
-2.509625 0.372514
-2.505375 0.370802
-2.501125 0.368730
-2.496875 0.366955
-2.492625 0.365325
-2.488375 0.363651
-2.484125 0.361687
-2.479875 0.359854
-2.475625 0.358562
-2.471375 0.356456
-2.467125 0.354952
-2.462875 0.353420
-2.458625 0.351769
-2.454375 0.349931
-2.450125 0.348532
-2.445875 0.347098
-2.441625 0.345306
-2.437375 0.343668
-2.433125 0.342521
-2.428875 0.340705
-2.424625 0.339179
-2.420375 0.337773
-2.416125 0.336573
-2.411875 0.334764
-2.407625 0.333406
-2.403375 0.332211
-2.399125 0.330673
-2.394875 0.329074
-2.390625 0.327852
-2.386375 0.326504
-2.382125 0.325021
-2.377875 0.323768
-2.373625 0.322543
-2.369375 0.320986
-2.365125 0.319722
-2.360875 0.318483
-2.356625 0.317078
-2.352375 0.316039
-2.348125 0.314585
-2.343875 0.313349
-2.339625 0.312045
-2.335375 0.310828
-2.331125 0.309733
-2.326875 0.308347
-2.322625 0.307065
-2.318375 0.306145
-2.314125 0.304623
-2.309875 0.303502
-2.305625 0.302454
-2.301375 0.301310
-2.297125 0.300010
-2.292875 0.298890
-2.288625 0.297849
-2.284375 0.296583
-2.280125 0.295518
-2.275875 0.294315
-2.271625 0.293316
-2.267375 0.292050
-2.263125 0.291142
-2.258875 0.290157
-2.254625 0.288782
-2.250375 0.287592
-2.246125 0.286751
-2.241875 0.285720
-2.237625 0.284527
-2.233375 0.283701
-2.229125 0.282382
-2.224875 0.281373
-2.220625 0.280515
-2.216375 0.279477
-2.212125 0.278489
-2.207875 0.277279
-2.203625 0.276299
-2.199375 0.275350
-2.195125 0.274514
-2.190875 0.273396
-2.186625 0.272217
-2.182375 0.271408
-2.178125 0.270585
-2.173875 0.269413
-2.169625 0.268517
-2.165375 0.267614
-2.161125 0.266711
-2.156875 0.265423
-2.152625 0.264858
-2.148375 0.263854
-2.144125 0.262545
-2.139875 0.261987
-2.135625 0.261103
-2.131375 0.259963
-2.127125 0.259192
-2.122875 0.258321
-2.118625 0.257340
-2.114375 0.256396
-2.110125 0.255543
-2.105875 0.254628
-2.101625 0.253891
-2.097375 0.252838
-2.093125 0.252128
-2.088875 0.251124
-2.084625 0.250411
-2.080375 0.249206
-2.076125 0.248525
-2.071875 0.247824
-2.067625 0.246786
-2.063375 0.245900
-2.059125 0.245233
-2.054875 0.244286
-2.050625 0.243412
-2.046375 0.242738
-2.042125 0.241888
-2.037875 0.240823
-2.033625 0.240297
-2.029375 0.239285
-2.025125 0.238555
-2.020875 0.237737
-2.016625 0.236913
-2.012375 0.236044
-2.008125 0.235401
-2.003875 0.234442
-1.999625 0.233727
-1.995375 0.232976
-1.991125 0.232109
-1.986875 0.231148
-1.982625 0.230771
-1.978375 0.229711
-1.974125 0.229158
-1.969875 0.228117
-1.965625 0.227482
-1.961375 0.226736
-1.957125 0.226062
-1.952875 0.225137
-1.948625 0.224492
-1.944375 0.223630
-1.940125 0.222748
-1.935875 0.222384
-1.931625 0.221316
-1.927375 0.220698
-1.923125 0.219956
-1.918875 0.219254
-1.914625 0.218425
-1.910375 0.217778
-1.906125 0.217015
-1.901875 0.216305
-1.897625 0.215503
-1.893375 0.214812
-1.889125 0.214189
-1.884875 0.213460
-1.880625 0.212615
-1.876375 0.212119
-1.872125 0.211173
-1.867875 0.210605
-1.863625 0.209844
-1.859375 0.209079
-1.855125 0.208562
-1.850875 0.207789
-1.846625 0.206968
-1.842375 0.206531
-1.838125 0.205613
-1.833875 0.205000
-1.829625 0.204309
-1.825375 0.203652
-1.821125 0.203014
-1.816875 0.202295
-1.812625 0.201556
-1.808375 0.200954
-1.804125 0.200264
-1.799875 0.199551
-1.795625 0.199092
-1.791375 0.198233
-1.787125 0.197491
-1.782875 0.197001
-1.778625 0.196160
-1.774375 0.195781
-1.770125 0.194818
-1.765875 0.194368
-1.761625 0.193726
-1.757375 0.192977
-1.753125 0.192238
-1.748875 0.191789
-1.744625 0.191079
-1.740375 0.190509
-1.736125 0.189671
-1.731875 0.189195
-1.727625 0.188582
-1.723375 0.187874
-1.719125 0.187198
-1.714875 0.186681
-1.710625 0.185860
-1.706375 0.185449
-1.702125 0.184713
-1.697875 0.184239
-1.693625 0.183372
-1.689375 0.182911
-1.685125 0.182232
-1.680875 0.181667
-1.676625 0.181035
-1.672375 0.180344
-1.668125 0.179815
-1.663875 0.179271
-1.659625 0.178431
-1.655375 0.178173
-1.651125 0.177199
-1.646875 0.176912
-1.642625 0.176026
-1.638375 0.175586
-1.634125 0.174946
-1.629875 0.174448
-1.625625 0.173780
-1.621375 0.173166
-1.617125 0.172550
-1.612875 0.171966
-1.608625 0.171340
-1.604375 0.170908
-1.600125 0.170253
-1.595875 0.169691
-1.591625 0.168961
-1.587375 0.168476
-1.583125 0.167875
-1.578875 0.167425
-1.574625 0.166742
-1.570375 0.166022
-1.566125 0.165674
-1.561875 0.164979
-1.557625 0.164537
-1.553375 0.163718
-1.549125 0.163341
-1.544875 0.162781
-1.540625 0.162083
-1.536375 0.161665
-1.532125 0.161004
-1.527875 0.160429
-1.523625 0.159849
-1.519375 0.159429
-1.515125 0.158673
-1.510875 0.158347
-1.506625 0.157545
-1.502375 0.157110
-1.498125 0.156763
-1.493875 0.155777
-1.489625 0.155521
-1.485375 0.154922
-1.481125 0.154350
-1.476875 0.153616
-1.472625 0.153379
-1.468375 0.152594
-1.464125 0.152213
-1.459875 0.151531
-1.455625 0.151210
-1.451375 0.150462
-1.447125 0.149966
-1.442875 0.149481
-1.438625 0.148897
-1.434375 0.148435
-1.430125 0.147725
-1.425875 0.147387
-1.421625 0.146643
-1.417375 0.146387
-1.413125 0.145585
-1.408875 0.145214
-1.404625 0.144559
-1.400375 0.144110
-1.396125 0.143583
-1.391875 0.143057
-1.387625 0.142448
-1.383375 0.142096
-1.379125 0.141417
-1.374875 0.140963
-1.370625 0.140577
-1.366375 0.139823
-1.362125 0.139354
-1.357875 0.138850
-1.353625 0.138316
-1.349375 0.137787
-1.345125 0.137393
-1.340875 0.136877
-1.336625 0.136273
-1.332375 0.135647
-1.328125 0.135275
-1.323875 0.134848
-1.319625 0.134145
-1.315375 0.133655
-1.311125 0.133297
-1.306875 0.132706
-1.302625 0.132254
-1.298375 0.131793
-1.294125 0.131051
-1.289875 0.130704
-1.285625 0.130172
-1.281375 0.129689
-1.277125 0.129199
-1.272875 0.128701
-1.268625 0.128117
-1.264375 0.127704
-1.260125 0.127146
-1.255875 0.126721
-1.251625 0.126149
-1.247375 0.125714
-1.243125 0.125212
-1.238875 0.124729
-1.234625 0.124188
-1.230375 0.123775
-1.226125 0.123176
-1.221875 0.122738
-1.217625 0.122243
-1.213375 0.121760
-1.209125 0.121231
-1.204875 0.120751
-1.200625 0.120350
-1.196375 0.119722
-1.192125 0.119348
-1.187875 0.118826
-1.183625 0.118336
-1.179375 0.117821
-1.175125 0.117466
-1.170875 0.116933
-1.166625 0.116297
-1.162375 0.115952
-1.158125 0.115450
-1.153875 0.115037
-1.149625 0.114498
-1.145375 0.114022
-1.141125 0.113580
-1.136875 0.112962
-1.132625 0.112614
-1.128375 0.112040
-1.124125 0.111784
-1.119875 0.111093
-1.115625 0.110673
-1.111375 0.110303
-1.107125 0.109728
-1.102875 0.109325
-1.098625 0.108755
-1.094375 0.108340
-1.090125 0.107893
-1.085875 0.107303
-1.081625 0.106985
-1.077375 0.106449
-1.073125 0.106060
-1.068875 0.105492
-1.064625 0.105016
-1.060375 0.104649
-1.056125 0.104108
-1.051875 0.103710
-1.047625 0.103246
-1.043375 0.102674
-1.039125 0.102319
-1.034875 0.101756
-1.030625 0.101355
-1.026375 0.101068
-1.022125 0.100358
-1.017875 0.100039
-1.013625 0.099433
-1.009375 0.099150
-1.005125 0.098665
-1.000875 0.098046
-0.996625 0.097715
-0.992375 0.097269
-0.988125 0.096810
-0.983875 0.096252
-0.979625 0.095979
-0.975375 0.095370
-0.971125 0.095056
-0.966875 0.094484
-0.962625 0.094047
-0.958375 0.093699
-0.954125 0.093156
-0.949875 0.092675
-0.945625 0.092315
-0.941375 0.091741
-0.937125 0.091330
-0.932875 0.090987
-0.928625 0.090518
-0.924375 0.089941
-0.920125 0.089712
-0.915875 0.089125
-0.911625 0.088642
-0.907375 0.088350
-0.903125 0.087719
-0.898875 0.087362
-0.894625 0.086867
-0.890375 0.086512
-0.886125 0.085976
-0.881875 0.085662
-0.877625 0.085092
-0.873375 0.084722
-0.869125 0.084314
-0.864875 0.083785
-0.860625 0.083413
-0.856375 0.082947
-0.852125 0.082459
-0.847875 0.082095
-0.843625 0.081556
-0.839375 0.081244
-0.835125 0.080769
-0.830875 0.080264
-0.826625 0.079962
-0.822375 0.079409
-0.818125 0.079008
-0.813875 0.078542
-0.809625 0.078165
-0.805375 0.077750
-0.801125 0.077168
-0.796875 0.076890
-0.792625 0.076349
-0.788375 0.076042
-0.784125 0.075455
-0.779875 0.075209
-0.775625 0.074603
-0.771375 0.074255
-0.767125 0.073823
-0.762875 0.073405
-0.758625 0.072936
-0.754375 0.072446
-0.750125 0.072159
-0.745875 0.071627
-0.741625 0.071270
-0.737375 0.070801
-0.733125 0.070388
-0.728875 0.069934
-0.724625 0.069541
-0.720375 0.069041
-0.716125 0.068766
-0.711875 0.068249
-0.707625 0.067795
-0.703375 0.067411
-0.699125 0.066981
-0.694875 0.066515
-0.690625 0.066123
-0.686375 0.065657
-0.682125 0.065319
-0.677875 0.064778
-0.673625 0.064476
-0.669375 0.063938
-0.665125 0.063580
-0.660875 0.063233
-0.656625 0.062672
-0.652375 0.062365
-0.648125 0.061868
-0.643875 0.061525
-0.639625 0.061044
-0.635375 0.060588
-0.631125 0.060197
-0.626875 0.059747
-0.622625 0.059429
-0.618375 0.058914
-0.614125 0.058564
-0.609875 0.058117
-0.605625 0.057699
-0.601375 0.057282
-0.597125 0.056893
-0.592875 0.056441
-0.588625 0.056040
-0.584375 0.055637
-0.580125 0.055091
-0.575875 0.054782
-0.571625 0.054369
-0.567375 0.053985
-0.563125 0.053594
-0.558875 0.053053
-0.554625 0.052707
-0.550375 0.052285
-0.546125 0.051855
-0.541875 0.051507
-0.537625 0.051051
-0.533375 0.050655
-0.529125 0.050198
-0.524875 0.049780
-0.520625 0.049442
-0.516375 0.048913
-0.512125 0.048578
-0.507875 0.048179
-0.503625 0.047674
-0.499375 0.047397
-0.495125 0.046974
-0.490875 0.046467
-0.486625 0.046049
-0.482375 0.045728
-0.478125 0.045242
-0.473875 0.044904
-0.469625 0.044491
-0.465375 0.044001
-0.461125 0.043672
-0.456875 0.043187
-0.452625 0.042897
-0.448375 0.042417
-0.444125 0.041963
-0.439875 0.041535
-0.435625 0.041298
-0.431375 0.040642
-0.427125 0.040400
-0.422875 0.040016
-0.418625 0.039528
-0.414375 0.039110
-0.410125 0.038833
-0.405875 0.038289
-0.401625 0.037886
-0.397375 0.037586
-0.393125 0.037058
-0.388875 0.036664
-0.384625 0.036352
-0.380375 0.035915
-0.376125 0.035437
-0.371875 0.035082
-0.367625 0.034671
-0.363375 0.034258
-0.359125 0.033877
-0.354875 0.033464
-0.350625 0.033022
-0.346375 0.032672
-0.342125 0.032295
-0.337875 0.031824
-0.333625 0.031416
-0.329375 0.031020
-0.325125 0.030645
-0.320875 0.030189
-0.316625 0.029793
-0.312375 0.029508
-0.308125 0.028906
-0.303875 0.028667
-0.299625 0.028209
-0.295375 0.027791
-0.291125 0.027373
-0.286875 0.027006
-0.282625 0.026612
-0.278375 0.026194
-0.274125 0.025762
-0.269875 0.025429
-0.265625 0.024980
-0.261375 0.024552
-0.257125 0.024195
-0.252875 0.023811
-0.248625 0.023366
-0.244375 0.022977
-0.240125 0.022572
-0.235875 0.022185
-0.231625 0.021726
-0.227375 0.021417
-0.223125 0.020949
-0.218875 0.020562
-0.214625 0.020135
-0.210375 0.019775
-0.206125 0.019420
-0.201875 0.018954
-0.197625 0.018546
-0.193375 0.018191
-0.189125 0.017773
-0.184875 0.017336
-0.180625 0.016952
-0.176375 0.016582
-0.172125 0.016155
-0.167875 0.015756
-0.163625 0.015367
-0.159375 0.014988
-0.155125 0.014578
-0.150875 0.014143
-0.146625 0.013764
-0.142375 0.013365
-0.138125 0.012959
-0.133875 0.012551
-0.129625 0.012194
-0.125375 0.011783
-0.121125 0.011349
-0.116875 0.010948
-0.112625 0.010566
-0.108375 0.010206
-0.104125 0.009769
-0.099875 0.009363
-0.095625 0.008965
-0.091375 0.008595
-0.087125 0.008161
-0.082875 0.007755
-0.078625 0.007393
-0.074375 0.007006
-0.070125 0.006564
-0.065875 0.006188
-0.061625 0.005767
-0.057375 0.005410
-0.053125 0.004985
-0.048875 0.004572
-0.044625 0.004185
-0.040375 0.003799
-0.036125 0.003386
-0.031875 0.002992
-0.027625 0.002594
-0.023375 0.002203
-0.019125 0.001797
-0.014875 0.001398
-0.010625 0.000995
-0.006375 0.000606
-0.002125 0.000203
0.002125 0.000203
0.006375 0.000606
0.010625 0.000995
0.014875 0.001398
0.019125 0.001797
0.023375 0.002203
0.027625 0.002594
0.031875 0.002992
0.036125 0.003386
0.040375 0.003799
0.044625 0.004185
0.048875 0.004572
0.053125 0.004985
0.057375 0.005410
0.061625 0.005767
0.065875 0.006188
0.070125 0.006564
0.074375 0.007006
0.078625 0.007393
0.082875 0.007755
0.087125 0.008161
0.091375 0.008595
0.095625 0.008965
0.099875 0.009363
0.104125 0.009769
0.108375 0.010206
0.112625 0.010566
0.116875 0.010948
0.121125 0.011349
0.125375 0.011783
0.129625 0.012194
0.133875 0.012551
0.138125 0.012959
0.142375 0.013365
0.146625 0.013764
0.150875 0.014143
0.155125 0.014578
0.159375 0.014988
0.163625 0.015367
0.167875 0.015756
0.172125 0.016155
0.176375 0.016582
0.180625 0.016952
0.184875 0.017336
0.189125 0.017773
0.193375 0.018191
0.197625 0.018546
0.201875 0.018954
0.206125 0.019420
0.210375 0.019775
0.214625 0.020135
0.218875 0.020562
0.223125 0.020949
0.227375 0.021417
0.231625 0.021726
0.235875 0.022185
0.240125 0.022572
0.244375 0.022977
0.248625 0.023366
0.252875 0.023811
0.257125 0.024195
0.261375 0.024552
0.265625 0.024980
0.269875 0.025429
0.274125 0.025762
0.278375 0.026194
0.282625 0.026612
0.286875 0.027006
0.291125 0.027373
0.295375 0.027791
0.299625 0.028209
0.303875 0.028667
0.308125 0.028906
0.312375 0.029508
0.316625 0.029793
0.320875 0.030189
0.325125 0.030645
0.329375 0.031020
0.333625 0.031416
0.337875 0.031824
0.342125 0.032295
0.346375 0.032672
0.350625 0.033022
0.354875 0.033464
0.359125 0.033877
0.363375 0.034258
0.367625 0.034671
0.371875 0.035082
0.376125 0.035437
0.380375 0.035915
0.384625 0.036352
0.388875 0.036664
0.393125 0.037058
0.397375 0.037586
0.401625 0.037886
0.405875 0.038289
0.410125 0.038833
0.414375 0.039110
0.418625 0.039528
0.422875 0.040016
0.427125 0.040400
0.431375 0.040642
0.435625 0.041298
0.439875 0.041535
0.444125 0.041963
0.448375 0.042417
0.452625 0.042897
0.456875 0.043187
0.461125 0.043672
0.465375 0.044001
0.469625 0.044491
0.473875 0.044904
0.478125 0.045242
0.482375 0.045728
0.486625 0.046049
0.490875 0.046467
0.495125 0.046974
0.499375 0.047397
0.503625 0.047674
0.507875 0.048179
0.512125 0.048578
0.516375 0.048913
0.520625 0.049442
0.524875 0.049780
0.529125 0.050198
0.533375 0.050655
0.537625 0.051051
0.541875 0.051507
0.546125 0.051855
0.550375 0.052285
0.554625 0.052707
0.558875 0.053053
0.563125 0.053594
0.567375 0.053985
0.571625 0.054369
0.575875 0.054782
0.580125 0.055091
0.584375 0.055637
0.588625 0.056040
0.592875 0.056441
0.597125 0.056893
0.601375 0.057282
0.605625 0.057699
0.609875 0.058117
0.614125 0.058564
0.618375 0.058914
0.622625 0.059429
0.626875 0.059747
0.631125 0.060197
0.635375 0.060588
0.639625 0.061044
0.643875 0.061525
0.648125 0.061868
0.652375 0.062365
0.656625 0.062672
0.660875 0.063233
0.665125 0.063580
0.669375 0.063938
0.673625 0.064476
0.677875 0.064778
0.682125 0.065319
0.686375 0.065657
0.690625 0.066123
0.694875 0.066515
0.699125 0.066981
0.703375 0.067411
0.707625 0.067795
0.711875 0.068249
0.716125 0.068766
0.720375 0.069041
0.724625 0.069541
0.728875 0.069934
0.733125 0.070388
0.737375 0.070801
0.741625 0.071270
0.745875 0.071627
0.750125 0.072159
0.754375 0.072446
0.758625 0.072936
0.762875 0.073405
0.767125 0.073823
0.771375 0.074255
0.775625 0.074603
0.779875 0.075209
0.784125 0.075455
0.788375 0.076042
0.792625 0.076349
0.796875 0.076890
0.801125 0.077168
0.805375 0.077750
0.809625 0.078165
0.813875 0.078542
0.818125 0.079008
0.822375 0.079409
0.826625 0.079962
0.830875 0.080264
0.835125 0.080769
0.839375 0.081244
0.843625 0.081556
0.847875 0.082095
0.852125 0.082459
0.856375 0.082947
0.860625 0.083413
0.864875 0.083785
0.869125 0.084314
0.873375 0.084722
0.877625 0.085092
0.881875 0.085662
0.886125 0.085976
0.890375 0.086512
0.894625 0.086867
0.898875 0.087362
0.903125 0.087719
0.907375 0.088350
0.911625 0.088642
0.915875 0.089125
0.920125 0.089712
0.924375 0.089941
0.928625 0.090518
0.932875 0.090987
0.937125 0.091330
0.941375 0.091741
0.945625 0.092315
0.949875 0.092675
0.954125 0.093156
0.958375 0.093699
0.962625 0.094047
0.966875 0.094484
0.971125 0.095056
0.975375 0.095370
0.979625 0.095979
0.983875 0.096252
0.988125 0.096810
0.992375 0.097269
0.996625 0.097715
1.000875 0.098046
1.005125 0.098665
1.009375 0.099150
1.013625 0.099433
1.017875 0.100039
1.022125 0.100358
1.026375 0.101068
1.030625 0.101355
1.034875 0.101756
1.039125 0.102319
1.043375 0.102674
1.047625 0.103246
1.051875 0.103710
1.056125 0.104108
1.060375 0.104649
1.064625 0.105016
1.068875 0.105492
1.073125 0.106060
1.077375 0.106449
1.081625 0.106985
1.085875 0.107303
1.090125 0.107893
1.094375 0.108340
1.098625 0.108755
1.102875 0.109325
1.107125 0.109728
1.111375 0.110303
1.115625 0.110673
1.119875 0.111093
1.124125 0.111784
1.128375 0.112040
1.132625 0.112614
1.136875 0.112962
1.141125 0.113580
1.145375 0.114022
1.149625 0.114498
1.153875 0.115037
1.158125 0.115450
1.162375 0.115952
1.166625 0.116297
1.170875 0.116933
1.175125 0.117466
1.179375 0.117821
1.183625 0.118336
1.187875 0.118826
1.192125 0.119348
1.196375 0.119722
1.200625 0.120350
1.204875 0.120751
1.209125 0.121231
1.213375 0.121760
1.217625 0.122243
1.221875 0.122738
1.226125 0.123176
1.230375 0.123775
1.234625 0.124188
1.238875 0.124729
1.243125 0.125212
1.247375 0.125714
1.251625 0.126149
1.255875 0.126721
1.260125 0.127146
1.264375 0.127704
1.268625 0.128117
1.272875 0.128701
1.277125 0.129199
1.281375 0.129689
1.285625 0.130172
1.289875 0.130704
1.294125 0.131051
1.298375 0.131793
1.302625 0.132254
1.306875 0.132706
1.311125 0.133297
1.315375 0.133655
1.319625 0.134145
1.323875 0.134848
1.328125 0.135275
1.332375 0.135647
1.336625 0.136273
1.340875 0.136877
1.345125 0.137393
1.349375 0.137787
1.353625 0.138316
1.357875 0.138850
1.362125 0.139354
1.366375 0.139823
1.370625 0.140577
1.374875 0.140963
1.379125 0.141417
1.383375 0.142096
1.387625 0.142448
1.391875 0.143057
1.396125 0.143583
1.400375 0.144110
1.404625 0.144559
1.408875 0.145214
1.413125 0.145585
1.417375 0.146387
1.421625 0.146643
1.425875 0.147387
1.430125 0.147725
1.434375 0.148435
1.438625 0.148897
1.442875 0.149481
1.447125 0.149966
1.451375 0.150462
1.455625 0.151210
1.459875 0.151531
1.464125 0.152213
1.468375 0.152594
1.472625 0.153379
1.476875 0.153616
1.481125 0.154350
1.485375 0.154922
1.489625 0.155521
1.493875 0.155777
1.498125 0.156763
1.502375 0.157110
1.506625 0.157545
1.510875 0.158347
1.515125 0.158673
1.519375 0.159429
1.523625 0.159849
1.527875 0.160429
1.532125 0.161004
1.536375 0.161665
1.540625 0.162083
1.544875 0.162781
1.549125 0.163341
1.553375 0.163718
1.557625 0.164537
1.561875 0.164979
1.566125 0.165674
1.570375 0.166022
1.574625 0.166742
1.578875 0.167425
1.583125 0.167875
1.587375 0.168476
1.591625 0.168961
1.595875 0.169691
1.600125 0.170253
1.604375 0.170908
1.608625 0.171340
1.612875 0.171966
1.617125 0.172550
1.621375 0.173166
1.625625 0.173780
1.629875 0.174448
1.634125 0.174946
1.638375 0.175586
1.642625 0.176026
1.646875 0.176912
1.651125 0.177199
1.655375 0.178173
1.659625 0.178431
1.663875 0.179271
1.668125 0.179815
1.672375 0.180344
1.676625 0.181035
1.680875 0.181667
1.685125 0.182232
1.689375 0.182911
1.693625 0.183372
1.697875 0.184239
1.702125 0.184713
1.706375 0.185449
1.710625 0.185860
1.714875 0.186681
1.719125 0.187198
1.723375 0.187874
1.727625 0.188582
1.731875 0.189195
1.736125 0.189671
1.740375 0.190509
1.744625 0.191079
1.748875 0.191789
1.753125 0.192238
1.757375 0.192977
1.761625 0.193726
1.765875 0.194368
1.770125 0.194818
1.774375 0.195781
1.778625 0.196160
1.782875 0.197001
1.787125 0.197491
1.791375 0.198233
1.795625 0.199092
1.799875 0.199551
1.804125 0.200264
1.808375 0.200954
1.812625 0.201556
1.816875 0.202295
1.821125 0.203014
1.825375 0.203652
1.829625 0.204309
1.833875 0.205000
1.838125 0.205613
1.842375 0.206531
1.846625 0.206968
1.850875 0.207789
1.855125 0.208562
1.859375 0.209079
1.863625 0.209844
1.867875 0.210605
1.872125 0.211173
1.876375 0.212119
1.880625 0.212615
1.884875 0.213460
1.889125 0.214189
1.893375 0.214812
1.897625 0.215503
1.901875 0.216305
1.906125 0.217015
1.910375 0.217778
1.914625 0.218425
1.918875 0.219254
1.923125 0.219956
1.927375 0.220698
1.931625 0.221316
1.935875 0.222384
1.940125 0.222748
1.944375 0.223630
1.948625 0.224492
1.952875 0.225137
1.957125 0.226062
1.961375 0.226736
1.965625 0.227482
1.969875 0.228117
1.974125 0.229158
1.978375 0.229711
1.982625 0.230771
1.986875 0.231148
1.991125 0.232109
1.995375 0.232976
1.999625 0.233727
2.003875 0.234442
2.008125 0.235401
2.012375 0.236044
2.016625 0.236913
2.020875 0.237737
2.025125 0.238555
2.029375 0.239285
2.033625 0.240297
2.037875 0.240823
2.042125 0.241888
2.046375 0.242738
2.050625 0.243412
2.054875 0.244286
2.059125 0.245233
2.063375 0.245900
2.067625 0.246786
2.071875 0.247824
2.076125 0.248525
2.080375 0.249206
2.084625 0.250411
2.088875 0.251124
2.093125 0.252128
2.097375 0.252838
2.101625 0.253891
2.105875 0.254628
2.110125 0.255543
2.114375 0.256396
2.118625 0.257340
2.122875 0.258321
2.127125 0.259192
2.131375 0.259963
2.135625 0.261103
2.139875 0.261987
2.144125 0.262545
2.148375 0.263854
2.152625 0.264858
2.156875 0.265423
2.161125 0.266711
2.165375 0.267614
2.169625 0.268517
2.173875 0.269413
2.178125 0.270585
2.182375 0.271408
2.186625 0.272217
2.190875 0.273396
2.195125 0.274514
2.199375 0.275350
2.203625 0.276299
2.207875 0.277279
2.212125 0.278489
2.216375 0.279477
2.220625 0.280515
2.224875 0.281373
2.229125 0.282382
2.233375 0.283701
2.237625 0.284527
2.241875 0.285720
2.246125 0.286751
2.250375 0.287592
2.254625 0.288782
2.258875 0.290157
2.263125 0.291142
2.267375 0.292050
2.271625 0.293316
2.275875 0.294315
2.280125 0.295518
2.284375 0.296583
2.288625 0.297849
2.292875 0.298890
2.297125 0.300010
2.301375 0.301310
2.305625 0.302454
2.309875 0.303502
2.314125 0.304623
2.318375 0.306145
2.322625 0.307065
2.326875 0.308347
2.331125 0.309733
2.335375 0.310828
2.339625 0.312045
2.343875 0.313349
2.348125 0.314585
2.352375 0.316039
2.356625 0.317078
2.360875 0.318483
2.365125 0.319722
2.369375 0.320986
2.373625 0.322543
2.377875 0.323768
2.382125 0.325021
2.386375 0.326504
2.390625 0.327852
2.394875 0.329074
2.399125 0.330673
2.403375 0.332211
2.407625 0.333406
2.411875 0.334764
2.416125 0.336573
2.420375 0.337773
2.424625 0.339179
2.428875 0.340705
2.433125 0.342521
2.437375 0.343668
2.441625 0.345306
2.445875 0.347098
2.450125 0.348532
2.454375 0.349931
2.458625 0.351769
2.462875 0.353420
2.467125 0.354952
2.471375 0.356456
2.475625 0.358562
2.479875 0.359854
2.484125 0.361687
2.488375 0.363651
2.492625 0.365325
2.496875 0.366955
2.501125 0.368730
2.505375 0.370802
2.509625 0.372514
2.513875 0.374357
2.518125 0.376311
2.522375 0.378245
2.526625 0.380158
2.530875 0.382100
2.535125 0.384310
2.539375 0.386155
2.543625 0.388150
2.547875 0.390386
2.552125 0.392838
2.556375 0.394528
2.560625 0.396716
2.564875 0.399334
2.569125 0.401450
2.573375 0.403549
2.577625 0.405911
2.581875 0.408640
2.586125 0.410830
2.590375 0.413199
2.594625 0.416085
2.598875 0.418411
2.603125 0.421058
2.607375 0.423659
2.611625 0.426579
2.615875 0.429284
2.620125 0.432001
2.624375 0.435005
2.628625 0.438172
2.632875 0.441000
2.637125 0.443893
2.641375 0.447489
2.645625 0.450728
2.649875 0.453696
2.654125 0.457439
2.658375 0.461139
2.662625 0.464441
2.666875 0.468160
2.671125 0.472346
2.675375 0.476190
2.679625 0.480209
2.683875 0.484269
2.688125 0.489181
2.692375 0.493410
2.696625 0.497977
2.700875 0.503247
2.705125 0.508278
2.709375 0.513357
2.713625 0.518991
2.717875 0.525188
2.722125 0.531168
2.726375 0.537411
2.730625 0.544301
2.734875 0.551820
2.739125 0.559335
2.743375 0.567438
2.747625 0.576821
2.751875 0.586102
2.756125 0.596444
2.760375 0.607662
2.764625 0.621418
2.768875 0.635066
2.773125 0.651385
2.777375 0.671022
2.781625 0.694241
2.785875 0.722935
2.790125 0.762355
2.794375 0.827708
2.798625 1.013094
2.802875 0.910143
2.807125 0.802897
2.811375 0.749898
2.815625 0.715881
2.819875 0.690430
2.824125 0.670535
2.828375 0.652131
2.832625 0.637752
2.836875 0.625164
2.841125 0.613772
2.845375 0.603001
2.849625 0.594017
2.853875 0.586008
2.858125 0.577285
2.862375 0.570160
2.866625 0.563576
2.870875 0.557512
2.875125 0.551131
2.879375 0.545395
2.883625 0.540519
2.887875 0.535281
2.892125 0.530494
2.896375 0.525966
2.900625 0.521942
2.904875 0.517240
2.909125 0.513494
2.913375 0.509828
2.917625 0.505995
2.921875 0.502353
2.926125 0.499107
2.930375 0.496115
2.934625 0.492425
2.938875 0.489536
2.943125 0.486665
2.947375 0.483994
2.951625 0.480719
2.955875 0.478299
2.960125 0.475828
2.964375 0.473169
2.968625 0.470522
2.972875 0.468286
2.977125 0.465955
2.981375 0.463465
2.985625 0.461292
2.989875 0.459398
2.994125 0.457140
2.998375 0.454872
3.002625 0.453051
3.006875 0.451204
3.011125 0.449030
3.015375 0.447098
3.019625 0.445359
3.023875 0.443681
3.028125 0.441628
3.032375 0.440043
3.036625 0.438587
3.040875 0.436679
3.045125 0.434853
3.049375 0.433378
3.053625 0.432093
3.057875 0.430129
3.062125 0.428704
3.066375 0.427531
3.070625 0.425898
3.074875 0.424101
3.079125 0.423082
3.083375 0.421797
3.087625 0.420107
3.091875 0.418802
3.096125 0.417716
3.100375 0.416206
3.104625 0.414890
3.108875 0.413743
3.113125 0.412704
3.117375 0.411026
3.121625 0.410147
3.125875 0.408925
3.130125 0.407517
3.134375 0.406536
3.138625 0.405415
3.142875 0.404324
3.147125 0.403177
3.151375 0.402051
3.155625 0.401162
3.159875 0.399798
3.164125 0.398752
3.168375 0.397958
3.172625 0.396839
3.176875 0.395917
3.181125 0.394610
3.185375 0.394207
3.189625 0.392661
3.193875 0.391874
3.198125 0.391050
3.202375 0.390203
3.206625 0.388908
3.210875 0.388292
3.215125 0.387389
3.219375 0.386295
3.223625 0.385529
3.227875 0.384962
3.232125 0.383626
3.236375 0.382769
3.240625 0.382240
3.244875 0.381281
3.249125 0.380450
3.253375 0.379615
3.257625 0.379038
3.261875 0.378006
3.266125 0.377103
3.270375 0.376596
3.274625 0.375690
3.278875 0.374850
3.283125 0.374215
3.287375 0.373589
3.291625 0.372507
3.295875 0.371940
3.300125 0.371343
3.304375 0.370556
3.308625 0.369626
3.312875 0.369066
3.317125 0.368327
3.321375 0.367646
3.325625 0.366962
3.329875 0.366392
3.334125 0.365692
3.338375 0.364943
3.342625 0.364445
3.346875 0.363475
3.351125 0.363081
3.355375 0.362354
3.359625 0.361704
3.363875 0.361074
3.368125 0.360557
3.372375 0.359794
3.376625 0.359125
3.380875 0.358596
3.385125 0.358222
3.389375 0.357261
3.393625 0.356678
3.397875 0.356430
3.402125 0.355611
3.406375 0.354918
3.410625 0.354565
3.414875 0.353858
3.419125 0.353259
3.423375 0.352877
3.427625 0.352107
3.431875 0.351558
3.436125 0.351225
3.440375 0.350609
3.444625 0.349882
3.448875 0.349508
3.453125 0.348979
3.457375 0.348404
3.461625 0.347817
3.465875 0.347494
3.470125 0.346907
3.474375 0.346134
3.478625 0.345951
3.482875 0.345074
3.487125 0.344832
3.491375 0.344535
3.495625 0.343642
3.499875 0.343378
3.504125 0.342936
3.508375 0.342115
3.512625 0.342053
3.516875 0.341316
3.521125 0.340835
3.525375 0.340490
3.529625 0.340089
3.533875 0.339406
3.538125 0.338865
3.542375 0.338918
3.546625 0.337985
3.550875 0.337517
3.555125 0.337428
3.559375 0.336643
3.563625 0.336266
3.567875 0.335962
3.572125 0.335467
3.576375 0.334952
3.580625 0.334747
3.584875 0.333993
3.589125 0.333752
3.593375 0.333303
3.597625 0.332834
3.601875 0.332404
3.606125 0.332129
3.610375 0.331559
3.614625 0.331284
3.618875 0.330825
3.623125 0.330260
3.627375 0.329950
3.631625 0.329752
3.635875 0.329035
3.640125 0.328704
3.644375 0.328477
3.648625 0.327960
3.652875 0.327567
3.657125 0.327417
3.661375 0.326680
3.665625 0.326417
3.669875 0.326009
3.674125 0.325763
3.678375 0.325444
3.682625 0.324903
3.686875 0.324379
3.691125 0.324384
3.695375 0.323688
3.699625 0.323437
3.703875 0.323171
3.708125 0.322717
3.712375 0.322369
3.716625 0.321901
3.720875 0.321594
3.725125 0.321575
3.729375 0.320672
3.733625 0.320686
3.737875 0.320237
3.742125 0.319819
3.746375 0.319563
3.750625 0.319254
3.754875 0.318807
3.759125 0.318698
3.763375 0.318015
3.767625 0.317887
3.771875 0.317587
3.776125 0.317054
3.780375 0.316718
3.784625 0.316633
3.788875 0.316073
3.793125 0.315868
3.797375 0.315544
3.801625 0.315073
3.805875 0.315131
3.810125 0.314426
3.814375 0.314177
3.818625 0.314003
3.822875 0.313542
3.827125 0.313458
3.831375 0.312803
3.835625 0.312796
3.839875 0.312426
3.844125 0.312045
3.848375 0.311581
3.852625 0.311605
3.856875 0.311057
3.861125 0.310837
3.865375 0.310485
3.869625 0.310204
3.873875 0.309948
3.878125 0.309671
3.882375 0.309444
3.886625 0.308953
3.890875 0.308821
3.895125 0.308345
3.899375 0.308171
3.903625 0.308086
3.907875 0.307376
3.912125 0.307350
3.916375 0.307118
3.920625 0.306681
3.924875 0.306478
3.929125 0.306229
3.933375 0.305881
3.937625 0.305625
3.941875 0.305193
3.946125 0.305280
3.950375 0.304693
3.954625 0.304456
3.958875 0.304261
3.963125 0.304065
3.967375 0.303710
3.971625 0.303273
3.975875 0.303256
3.980125 0.302976
3.984375 0.302575
3.988625 0.302251
3.992875 0.301979
3.997125 0.302087
4.001375 0.301418
4.005625 0.301561
4.009875 0.300865
4.014125 0.300781
4.018375 0.300544
4.022625 0.300399
4.026875 0.299897
4.031125 0.299742
4.035375 0.299660
4.039625 0.299061
4.043875 0.299112
4.048125 0.298836
4.052375 0.298452
4.056625 0.298172
4.060875 0.298078
4.065125 0.297759
4.069375 0.297530
4.073625 0.297288
4.077875 0.297028
4.082125 0.296907
4.086375 0.296598
4.090625 0.296281
4.094875 0.295948
4.099125 0.295851
4.103375 0.295644
4.107625 0.295291
4.111875 0.295240
4.116125 0.294668
4.120375 0.294820
4.124625 0.294349
4.128875 0.294373
4.133125 0.293820
4.137375 0.293767
4.141625 0.293480
4.145875 0.293142
4.150125 0.293238
4.154375 0.292584
4.158625 0.292765
4.162875 0.292238
4.167125 0.292282
4.171375 0.291748
4.175625 0.291777
4.179875 0.291333
4.184125 0.291309
4.188375 0.290905
4.192625 0.290985
4.196875 0.290345
4.201125 0.290442
4.205375 0.290074
4.209625 0.290012
4.213875 0.289710
4.218125 0.289468
4.222375 0.289246
4.226625 0.288949
4.230875 0.288915
4.235125 0.288637
4.239375 0.288517
4.243625 0.288094
4.247875 0.288070
4.252125 0.287628
4.256375 0.287720
4.260625 0.287273
4.264875 0.287246
4.269125 0.286807
4.273375 0.286783
4.277625 0.286582
4.281875 0.286372
4.286125 0.286145
4.290375 0.285920
4.294625 0.285739
4.298875 0.285491
4.303125 0.285264
4.307375 0.285150
4.311625 0.284964
4.315875 0.284640
4.320125 0.284599
4.324375 0.284288
4.328625 0.284259
4.332875 0.283713
4.337125 0.283889
4.341375 0.283496
4.345625 0.283278
4.349875 0.283194
4.354125 0.282839
4.358375 0.282670
4.362625 0.282648
4.366875 0.282259
4.371125 0.282177
4.375375 0.282027
4.379625 0.281677
4.383875 0.281713
4.388125 0.281455
4.392375 0.281264
4.396625 0.280984
4.400875 0.280800
4.405125 0.280706
4.409375 0.280682
4.413625 0.279970
4.417875 0.280144
4.422125 0.279955
4.426375 0.279651
4.430625 0.279588
4.434875 0.279226
4.439125 0.279322
4.443375 0.278924
4.447625 0.278832
4.451875 0.278632
4.456125 0.278434
4.460375 0.278480
4.464625 0.277897
4.468875 0.277900
4.473125 0.277736
4.477375 0.277608
4.481625 0.277267
4.485875 0.277202
4.490125 0.277134
4.494375 0.276784
4.498625 0.276748
4.502875 0.276494
4.507125 0.276303
4.511375 0.276217
4.515625 0.275849
4.519875 0.275806
4.524125 0.275538
4.528375 0.275511
4.532625 0.275241
4.536875 0.275110
4.541125 0.275103
4.545375 0.274659
4.549625 0.274596
4.553875 0.274591
4.558125 0.274115
4.562375 0.274045
4.566625 0.273821
4.570875 0.273862
4.575125 0.273719
4.579375 0.273294
4.583625 0.273234
4.587875 0.273200
4.592125 0.272862
4.596375 0.272799
4.600625 0.272480
4.604875 0.272466
4.609125 0.272316
4.613375 0.272031
4.617625 0.272021
4.621875 0.271843
4.626125 0.271449
4.630375 0.271567
4.634625 0.271256
4.638875 0.271159
4.643125 0.270949
4.647375 0.270751
4.651625 0.270746
4.655875 0.270500
4.660125 0.270273
4.664375 0.270239
4.668625 0.270101
4.672875 0.269788
4.677125 0.269688
4.681375 0.269749
4.685625 0.269198
4.689875 0.269220
4.694125 0.269097
4.698375 0.268896
4.702625 0.268778
4.706875 0.268611
4.711125 0.268418
4.715375 0.268399
4.719625 0.268237
4.723875 0.268000
4.728125 0.267855
4.732375 0.267650
4.736625 0.267508
4.740875 0.267281
4.745125 0.267353
4.749375 0.267143
4.753625 0.266839
4.757875 0.266793
4.762125 0.266759
4.766375 0.266498
4.770625 0.266389
4.774875 0.266336
4.779125 0.265865
4.783375 0.265928
4.787625 0.265701
4.791875 0.265708
4.796125 0.265317
4.800375 0.265382
4.804625 0.265199
4.808875 0.264986
4.813125 0.264870
4.817375 0.264798
4.821625 0.264641
4.825875 0.264404
4.830125 0.264373
4.834375 0.264168
4.838625 0.264056
4.842875 0.263677
4.847125 0.263742
4.851375 0.263699
4.855625 0.263511
4.859875 0.263146
4.864125 0.263259
4.868375 0.263105
4.872625 0.262895
4.876875 0.262566
4.881125 0.262607
4.885375 0.262593
4.889625 0.262433
4.893875 0.261994
4.898125 0.262110
4.902375 0.262033
4.906625 0.261752
4.910875 0.261521
4.915125 0.261511
4.919375 0.261383
4.923625 0.261151
4.927875 0.261156
4.932125 0.260861
4.936375 0.260972
4.940625 0.260576
4.944875 0.260499
4.949125 0.260482
4.953375 0.260250
4.957625 0.260117
4.961875 0.259977
4.966125 0.259929
4.970375 0.259854
4.974625 0.259531
4.978875 0.259403
4.983125 0.259318
4.987375 0.259381
4.991625 0.259019
4.995875 0.258823
5.000125 0.258845
5.004375 0.258820
5.008625 0.258403
5.012875 0.258485
5.017125 0.258391
5.021375 0.258089
5.025625 0.258089
5.029875 0.257780
5.034125 0.257751
5.038375 0.257765
5.042625 0.257509
5.046875 0.257364
5.051125 0.257255
5.055375 0.257091
5.059625 0.256963
5.063875 0.256879
5.068125 0.256770
5.072375 0.256707
5.076625 0.256430
5.080875 0.256352
5.085125 0.256200
5.089375 0.256004
5.093625 0.256108
5.097875 0.255934
5.102125 0.255662
5.106375 0.255591
5.110625 0.255543
5.114875 0.255534
5.119125 0.255065
5.123375 0.255050
5.127625 0.255026
5.131875 0.255130
5.136125 0.254524
5.140375 0.254642
5.144625 0.254572
5.148875 0.254360
5.153125 0.254138
5.157375 0.254254
5.161625 0.253988
5.165875 0.253809
5.170125 0.253655
5.174375 0.253826
5.178625 0.253481
5.182875 0.253326
5.187125 0.253365
5.191375 0.253237
5.195625 0.253017
5.199875 0.252845
5.204125 0.252889
5.208375 0.252650
5.212625 0.252568
5.216875 0.252401
5.221125 0.252411
5.225375 0.252189
5.229625 0.252300
5.233875 0.251971
5.238125 0.251679
5.242375 0.251783
5.246625 0.251674
5.250875 0.251370
5.255125 0.251396
5.259375 0.251329
5.263625 0.251104
5.267875 0.251087
5.272125 0.250957
5.276375 0.250696
5.280625 0.250735
5.284875 0.250669
5.289125 0.250375
5.293375 0.250510
5.297625 0.250230
5.301875 0.249938
5.306125 0.250003
5.310375 0.250003
5.314625 0.249846
5.318875 0.249672
5.323125 0.249578
5.327375 0.249373
5.331625 0.249278
5.335875 0.249235
5.340125 0.249220
5.344375 0.248916
5.348625 0.248892
5.352875 0.248595
5.357125 0.248880
5.361375 0.248474
5.365625 0.248423
5.369875 0.248346
5.374125 0.248160
5.378375 0.248013
5.382625 0.248151
5.386875 0.247805
5.391125 0.247774
5.395375 0.247721
5.399625 0.247525
5.403875 0.247462
5.408125 0.247182
5.412375 0.247259
5.416625 0.247218
5.420875 0.246938
5.425125 0.246781
5.429375 0.246907
5.433625 0.246711
5.437875 0.246687
5.442125 0.246392
5.446375 0.246397
5.450625 0.246069
5.454875 0.246139
5.459125 0.246083
5.463375 0.245936
5.467625 0.245904
5.471875 0.245648
5.476125 0.245692
5.480375 0.245397
5.484625 0.245356
5.488875 0.245434
5.493125 0.245054
5.497375 0.245107
5.501625 0.245064
5.505875 0.244827
5.510125 0.244663
5.514375 0.244726
5.518625 0.244632
5.522875 0.244339
5.527125 0.244455
5.531375 0.244088
5.535625 0.244088
5.539875 0.244158
5.544125 0.243881
5.548375 0.243912
5.552625 0.243702
5.556875 0.243545
5.561125 0.243598
5.565375 0.243542
5.569625 0.243120
5.573875 0.243262
5.578125 0.243101
5.582375 0.243122
5.586625 0.242784
5.590875 0.242741
5.595125 0.242758
5.599375 0.242555
5.603625 0.242632
5.607875 0.242265
5.612125 0.242400
5.616375 0.242144
5.620625 0.242171
5.624875 0.241907
5.629125 0.241849
5.633375 0.241847
5.637625 0.241690
5.641875 0.241620
5.646125 0.241451
5.650375 0.241478
5.654625 0.241209
5.658875 0.241241
5.663125 0.241154
5.667375 0.240973
5.671625 0.240799
5.675875 0.241019
5.680125 0.240504
5.684375 0.240719
5.688625 0.240454
5.692875 0.240550
5.697125 0.240089
5.701375 0.240355
5.705625 0.240103
5.709875 0.239893
5.714125 0.240086
5.718375 0.239724
5.722625 0.239910
5.726875 0.239456
5.731125 0.239681
5.735375 0.239328
5.739625 0.239471
5.743875 0.239089
5.748125 0.239190
5.752375 0.239116
5.756625 0.238814
5.760875 0.239033
5.765125 0.238623
5.769375 0.238703
5.773625 0.238676
5.777875 0.238348
5.782125 0.238476
5.786375 0.238357
5.790625 0.238169
5.794875 0.238116
5.799125 0.238024
5.803375 0.237816
5.807625 0.237860
5.811875 0.237954
5.816125 0.237345
5.820375 0.237729
5.824625 0.237389
5.828875 0.237382
5.833125 0.237227
5.837375 0.237176
5.841625 0.237092
5.845875 0.236954
5.850125 0.236879
5.854375 0.236915
5.858625 0.236647
5.862875 0.236587
5.867125 0.236531
5.871375 0.236536
5.875625 0.236164
5.879875 0.236348
5.884125 0.236121
5.888375 0.236102
5.892625 0.235824
5.896875 0.236080
5.901125 0.235652
5.905375 0.235817
5.909625 0.235592
5.913875 0.235565
5.918125 0.235290
5.922375 0.235372
5.926625 0.235254
5.930875 0.235297
5.935125 0.234962
5.939375 0.234867
5.943625 0.234988
5.947875 0.234843
5.952125 0.234611
5.956375 0.234693
5.960625 0.234582
5.964875 0.234440
5.969125 0.234247
5.973375 0.234273
5.977625 0.234239
5.981875 0.234041
5.986125 0.234099
5.990375 0.233858
5.994625 0.233860
5.998875 0.233771
6.003125 0.233648
6.007375 0.233558
6.011625 0.233515
6.015875 0.233269
6.020125 0.233218
6.024375 0.233360
6.028625 0.233153
6.032875 0.233003
6.037125 0.232899
6.041375 0.232819
6.045625 0.232841
6.049875 0.232682
6.054125 0.232597
6.058375 0.232542
6.062625 0.232525
6.066875 0.232254
6.071125 0.232223
6.075375 0.232228
6.079625 0.232136
6.083875 0.231967
6.088125 0.231952
6.092375 0.231733
6.096625 0.231713
6.100875 0.231730
6.105125 0.231607
6.109375 0.231358
6.113625 0.231423
6.117875 0.231327
6.122125 0.231426
6.126375 0.231061
6.130625 0.231008
6.134875 0.230962
6.139125 0.230981
6.143375 0.230682
6.147625 0.230909
6.151875 0.230583
6.156125 0.230578
6.160375 0.230433
6.164625 0.230428
6.168875 0.230312
6.173125 0.230293
6.177375 0.230124
6.181625 0.229950
6.185875 0.230035
6.190125 0.229996
6.194375 0.229680
6.198625 0.229740
6.202875 0.229701
6.207125 0.229593
6.211375 0.229482
6.215625 0.229407
6.219875 0.229395
6.224125 0.229035
6.228375 0.229168
6.232625 0.229129
6.236875 0.229008
6.241125 0.228786
6.245375 0.228921
6.249625 0.228810
6.253875 0.228574
6.258125 0.228687
6.262375 0.228383
6.266625 0.228431
6.270875 0.228371
6.275125 0.228158
6.279375 0.228359
6.283625 0.227984
6.287875 0.228076
6.292125 0.227931
6.296375 0.227801
6.300625 0.227851
6.304875 0.227641
6.309125 0.227666
6.313375 0.227581
6.317625 0.227499
6.321875 0.227274
6.326125 0.227337
6.330375 0.227219
6.334625 0.227170
6.338875 0.227047
6.343125 0.227047
6.347375 0.226762
6.351625 0.226815
6.355875 0.226856
6.360125 0.226639
6.364375 0.226658
6.368625 0.226393
6.372875 0.226576
6.377125 0.226187
6.381375 0.226265
6.385625 0.226291
6.389875 0.226178
6.394125 0.225907
6.398375 0.226163
6.402625 0.225733
6.406875 0.225799
6.411125 0.225820
6.415375 0.225555
6.419625 0.225601
6.423875 0.225504
6.428125 0.225480
6.432375 0.225224
6.436625 0.225255
6.440875 0.225287
6.445125 0.225120
6.449375 0.224946
6.453625 0.224941
6.457875 0.225002
6.462125 0.224804
6.466375 0.224608
6.470625 0.224642
6.474875 0.224664
6.479125 0.224519
6.483375 0.224366
6.487625 0.224437
6.491875 0.224287
6.496125 0.224038
6.500375 0.224193
6.504625 0.224074
6.508875 0.223886
6.513125 0.224038
6.517375 0.223712
6.521625 0.223891
6.525875 0.223615
6.530125 0.223601
6.534375 0.223492
6.538625 0.223483
6.542875 0.223400
6.547125 0.223198
6.551375 0.223248
6.555625 0.223115
6.559875 0.223147
6.564125 0.222879
6.568375 0.222954
6.572625 0.222809
6.576875 0.222896
6.581125 0.222589
6.585375 0.222695
6.589625 0.222444
6.593875 0.222654
6.598125 0.222331
6.602375 0.222265
6.606625 0.222229
6.610875 0.222273
6.615125 0.222012
6.619375 0.222176
6.623625 0.222033
6.627875 0.221630
6.632125 0.221867
6.636375 0.221809
6.640625 0.221671
6.644875 0.221599
6.649125 0.221555
6.653375 0.221401
6.657625 0.221381
6.661875 0.221294
6.666125 0.221282
6.670375 0.221193
6.674625 0.220949
6.678875 0.221111
6.683125 0.220937
6.687375 0.220925
6.691625 0.220768
6.695875 0.220669
6.700125 0.220741
6.704375 0.220640
6.708625 0.220423
6.712875 0.220478
6.717125 0.220309
6.721375 0.220360
6.725625 0.220159
6.729875 0.220285
6.734125 0.219976
6.738375 0.220101
6.742625 0.219930
6.746875 0.219927
6.751125 0.219681
6.755375 0.219674
6.759625 0.219775
6.763875 0.219505
6.768125 0.219626
6.772375 0.219517
6.776625 0.219350
6.780875 0.219295
6.785125 0.219251
6.789375 0.219089
6.793625 0.219123
6.797875 0.219092
6.802125 0.218826
6.806375 0.218896
6.810625 0.218821
6.814875 0.218903
6.819125 0.218577
6.823375 0.218645
6.827625 0.218565
6.831875 0.218435
6.836125 0.218404
6.840375 0.218447
6.844625 0.218193
6.848875 0.218208
6.853125 0.218075
6.857375 0.218138
6.861625 0.217904
6.865875 0.217918
6.870125 0.217841
6.874375 0.217807
6.878625 0.217807
6.882875 0.217546
6.887125 0.217549
6.891375 0.217520
6.895625 0.217515
6.899875 0.217423
6.904125 0.217157
6.908375 0.217331
6.912625 0.217235
6.916875 0.217017
6.921125 0.217107
6.925375 0.216930
6.929625 0.216855
6.933875 0.216853
6.938125 0.216882
6.942375 0.216508
6.946625 0.216742
6.950875 0.216467
6.955125 0.216558
6.959375 0.216445
6.963625 0.216264
6.967875 0.216471
6.972125 0.216126
6.976375 0.216131
6.980625 0.216138
6.984875 0.215969
6.989125 0.215998
6.993375 0.215935
6.997625 0.215807
7.001875 0.215795
7.006125 0.215679
7.010375 0.215592
7.014625 0.215561
7.018875 0.215460
7.023125 0.215515
7.027375 0.215237
7.031625 0.215382
7.035875 0.215167
7.040125 0.215213
7.044375 0.215126
7.048625 0.214962
7.052875 0.215049
7.057125 0.214853
7.061375 0.214781
7.065625 0.214786
7.069875 0.214875
7.074125 0.214450
7.078375 0.214602
7.082625 0.214520
7.086875 0.214522
7.091125 0.214308
7.095375 0.214320
7.099625 0.214223
7.103875 0.214187
7.108125 0.214153
7.112375 0.213989
7.116625 0.213936
7.120875 0.213931
7.125125 0.213969
7.129375 0.213800
7.133625 0.213728
7.137875 0.213675
7.142125 0.213624
7.146375 0.213564
7.150625 0.213445
7.154875 0.213515
7.159125 0.213242
7.163375 0.213332
7.167625 0.213112
7.171875 0.213257
7.176125 0.213047
7.180375 0.212960
7.184625 0.212866
7.188875 0.212986
7.193125 0.212902
7.197375 0.212685
7.201625 0.212805
7.205875 0.212564
7.210125 0.212549
7.214375 0.212590
7.218625 0.212429
7.222875 0.212390
7.227125 0.212339
7.231375 0.212293
7.235625 0.212177
7.239875 0.212214
7.244125 0.212059
7.248375 0.211885
7.252625 0.212032
7.256875 0.211904
7.261125 0.211750
7.265375 0.211871
7.269625 0.211634
7.273875 0.211805
7.278125 0.211429
7.282375 0.211499
7.286625 0.211419
7.290875 0.211402
7.295125 0.211380
7.299375 0.211279
7.303625 0.211204
7.307875 0.211185
7.312125 0.210999
7.316375 0.211023
7.320625 0.211001
7.324875 0.210895
7.329125 0.210736
7.333375 0.210810
7.337625 0.210673
7.341875 0.210697
7.346125 0.210552
7.350375 0.210513
7.354625 0.210426
7.358875 0.210608
7.363125 0.210233
7.367375 0.210257
7.371625 0.210289
7.375875 0.210088
7.380125 0.210105
7.384375 0.210030
7.388625 0.209902
7.392875 0.209984
7.397125 0.209876
7.401375 0.209719
7.405625 0.209767
7.409875 0.209673
7.414125 0.209617
7.418375 0.209654
7.422625 0.209523
7.426875 0.209320
7.431125 0.209330
7.435375 0.209250
7.439625 0.209383
7.443875 0.209284
7.448125 0.209040
7.452375 0.209023
7.456625 0.209059
7.460875 0.208956
7.465125 0.208770
7.469375 0.208912
7.473625 0.208731
7.477875 0.208724
7.482125 0.208646
7.486375 0.208666
7.490625 0.208475
7.494875 0.208511
7.499125 0.208340
7.503375 0.208427
7.507625 0.208236
7.511875 0.208277
7.516125 0.208163
7.520375 0.208168
7.524625 0.207975
7.528875 0.208038
7.533125 0.207888
7.537375 0.207968
7.541625 0.207799
7.545875 0.207719
7.550125 0.207688
7.554375 0.207714
7.558625 0.207574
7.562875 0.207567
7.567125 0.207523
7.571375 0.207391
7.575625 0.207328
7.579875 0.207289
7.584125 0.207207
7.588375 0.207164
7.592625 0.207096
7.596875 0.207062
7.601125 0.207098
7.605375 0.206958
7.609625 0.206787
7.613875 0.206874
7.618125 0.206811
7.622375 0.206649
7.626625 0.206671
7.630875 0.206630
7.635125 0.206384
7.639375 0.206623
7.643625 0.206333
7.647875 0.206417
7.652125 0.206260
7.656375 0.206367
7.660625 0.206280
7.664875 0.205968
7.669125 0.206099
7.673375 0.206014
7.677625 0.206065
7.681875 0.205785
7.686125 0.205804
7.690375 0.205850
7.694625 0.205789
7.698875 0.205673
7.703125 0.205632
7.707375 0.205560
7.711625 0.205459
7.715875 0.205514
7.720125 0.205294
7.724375 0.205442
7.728625 0.205297
7.732875 0.205248
7.737125 0.205065
7.741375 0.205164
7.745625 0.204995
7.749875 0.205065
7.754125 0.204910
7.758375 0.204884
7.762625 0.204835
7.766875 0.204869
7.771125 0.204616
7.775375 0.204666
7.779625 0.204695
7.783875 0.204483
7.788125 0.204509
7.792375 0.204403
7.796625 0.204374
7.800875 0.204447
7.805125 0.204217
7.809375 0.204174
7.813625 0.204179
7.817875 0.204046
7.822125 0.204092
7.826375 0.204000
7.830625 0.203993
7.834875 0.203850
7.839125 0.203807
7.843375 0.203804
7.847625 0.203662
7.851875 0.203705
7.856125 0.203572
7.860375 0.203592
7.864625 0.203488
7.868875 0.203459
7.873125 0.203365
7.877375 0.203328
7.881625 0.203275
7.885875 0.203155
7.890125 0.203331
7.894375 0.203014
7.898625 0.203082
7.902875 0.203010
7.907125 0.202952
7.911375 0.202828
7.915625 0.202899
7.919875 0.202749
7.924125 0.202756
7.928375 0.202647
7.932625 0.202565
7.936875 0.202662
7.941125 0.202531
7.945375 0.202452
7.949625 0.202316
7.953875 0.202442
7.958125 0.202300
7.962375 0.202256
7.966625 0.202138
7.970875 0.202205
7.975125 0.201983
7.979375 0.202048
7.983625 0.201945
7.987875 0.201935
7.992125 0.201872
7.996375 0.201804
8.000625 0.201756
8.004875 0.201720
8.009125 0.201628
8.013375 0.201628
8.017625 0.201517
8.021875 0.201471
8.026125 0.201466
8.030375 0.201348
8.034625 0.201375
8.038875 0.201302
8.043125 0.201193
8.047375 0.201254
8.051625 0.201027
8.055875 0.201065
8.060125 0.200976
8.064375 0.201024
8.068625 0.200805
8.072875 0.200913
8.077125 0.200776
8.081375 0.200725
8.085625 0.200778
8.089875 0.200698
8.094125 0.200549
8.098375 0.200425
8.102625 0.200614
8.106875 0.200348
8.111125 0.200401
8.115375 0.200237
8.119625 0.200232
8.123875 0.200341
8.128125 0.200196
8.132375 0.200020
8.136625 0.200034
8.140875 0.200126
8.145125 0.199916
8.149375 0.199872
8.153625 0.199928
8.157875 0.199761
8.162125 0.199718
8.166375 0.199761
8.170625 0.199583
8.174875 0.199599
8.179125 0.199556
8.183375 0.199520
8.187625 0.199486
8.191875 0.199339
8.196125 0.199307
8.200375 0.199220
8.204625 0.199257
8.208875 0.199201
8.213125 0.199138
8.217375 0.199085
8.221625 0.199066
8.225875 0.198880
8.230125 0.198996
8.234375 0.198921
8.238625 0.198778
8.242875 0.198749
8.247125 0.198788
8.251375 0.198643
8.255625 0.198554
8.259875 0.198580
8.264125 0.198474
8.268375 0.198493
8.272625 0.198438
8.276875 0.198319
8.281125 0.198286
8.285375 0.198344
8.289625 0.198092
8.293875 0.198283
8.298125 0.198112
8.302375 0.198083
8.306625 0.197899
8.310875 0.197911
8.315125 0.198020
8.319375 0.197844
8.323625 0.197706
8.327875 0.197742
8.332125 0.197870
8.336375 0.197520
8.340625 0.197696
8.344875 0.197440
8.349125 0.197491
8.353375 0.197494
8.357625 0.197407
8.361875 0.197380
8.366125 0.197276
8.370375 0.197230
8.374625 0.197177
8.378875 0.197201
8.383125 0.197095
8.387375 0.197076
8.391625 0.196919
8.395875 0.196991
8.400125 0.092663
8.404375 0.000000
8.408625 0.000000
8.412875 0.000000
8.417125 0.000000
8.421375 0.000000
8.425625 0.000000
8.429875 0.000000
8.434125 0.000000
8.438375 0.000000
8.442625 0.000000
8.446875 0.000000
8.451125 0.000000
8.455375 0.000000
8.459625 0.000000
8.463875 0.000000
8.468125 0.000000
8.472375 0.000000
8.476625 0.000000
8.480875 0.000000
8.485125 0.000000
8.489375 0.000000
8.493625 0.000000
8.497875 0.000000
